#Nombre de noeuds
931

#Coordonnees des noeuds
-2.0	-1.0	0.0	
2.0	-1.0	0.0	
2.0	1.0	0.0	
-2.0	1.0	0.0	
1.5	0.0	0.0	
0.5	0.0	0.0	
-0.5	0.0	0.0	
-1.5	0.0	0.0	
-1.0	-0.5	0.0	
-1.0	0.5	0.0	
1.0	0.5	0.0	
1.0	-0.5	0.0	
-1.89999999972	-1.0	0.0	
-1.79999999944	-1.0	0.0	
-1.69999999917	-1.0	0.0	
-1.59999999889	-1.0	0.0	
-1.49999999861	-1.0	0.0	
-1.39999999833	-1.0	0.0	
-1.29999999806	-1.0	0.0	
-1.19999999778	-1.0	0.0	
-1.0999999975	-1.0	0.0	
-0.999999997224	-1.0	0.0	
-0.899999996947	-1.0	0.0	
-0.799999996669	-1.0	0.0	
-0.699999996392	-1.0	0.0	
-0.599999996114	-1.0	0.0	
-0.499999995837	-1.0	0.0	
-0.399999995559	-1.0	0.0	
-0.299999995282	-1.0	0.0	
-0.199999995004	-1.0	0.0	
-0.0999999947264	-1.0	0.0	
5.50774270636e-09	-1.0	0.0	
0.100000005274	-1.0	0.0	
0.200000004996	-1.0	0.0	
0.300000004718	-1.0	0.0	
0.400000004441	-1.0	0.0	
0.500000004163	-1.0	0.0	
0.600000003886	-1.0	0.0	
0.700000003608	-1.0	0.0	
0.800000003331	-1.0	0.0	
0.900000003053	-1.0	0.0	
1.00000000278	-1.0	0.0	
1.1000000025	-1.0	0.0	
1.20000000222	-1.0	0.0	
1.30000000194	-1.0	0.0	
1.40000000167	-1.0	0.0	
1.50000000139	-1.0	0.0	
1.60000000111	-1.0	0.0	
1.70000000083	-1.0	0.0	
1.80000000056	-1.0	0.0	
1.90000000028	-1.0	0.0	
2.0	-0.899999999722	0.0	
2.0	-0.799999999445	0.0	
2.0	-0.699999999167	0.0	
2.0	-0.59999999889	0.0	
2.0	-0.499999998612	0.0	
2.0	-0.399999998335	0.0	
2.0	-0.299999998057	0.0	
2.0	-0.19999999778	0.0	
2.0	-0.099999997502	0.0	
2.0	2.75387135318e-09	0.0	
2.0	0.100000002498	0.0	
2.0	0.20000000222	0.0	
2.0	0.300000001943	0.0	
2.0	0.400000001665	0.0	
2.0	0.500000001388	0.0	
2.0	0.60000000111	0.0	
2.0	0.700000000833	0.0	
2.0	0.800000000555	0.0	
2.0	0.900000000278	0.0	
1.89999999972	1.0	0.0	
1.79999999944	1.0	0.0	
1.69999999917	1.0	0.0	
1.59999999889	1.0	0.0	
1.49999999861	1.0	0.0	
1.39999999833	1.0	0.0	
1.29999999806	1.0	0.0	
1.19999999778	1.0	0.0	
1.0999999975	1.0	0.0	
0.999999997224	1.0	0.0	
0.899999996947	1.0	0.0	
0.799999996669	1.0	0.0	
0.699999996392	1.0	0.0	
0.599999996114	1.0	0.0	
0.499999995837	1.0	0.0	
0.399999995559	1.0	0.0	
0.299999995282	1.0	0.0	
0.199999995004	1.0	0.0	
0.0999999947264	1.0	0.0	
-5.50774270636e-09	1.0	0.0	
-0.100000005274	1.0	0.0	
-0.200000004996	1.0	0.0	
-0.300000004718	1.0	0.0	
-0.400000004441	1.0	0.0	
-0.500000004163	1.0	0.0	
-0.600000003886	1.0	0.0	
-0.700000003608	1.0	0.0	
-0.800000003331	1.0	0.0	
-0.900000003053	1.0	0.0	
-1.00000000278	1.0	0.0	
-1.1000000025	1.0	0.0	
-1.20000000222	1.0	0.0	
-1.30000000194	1.0	0.0	
-1.40000000167	1.0	0.0	
-1.50000000139	1.0	0.0	
-1.60000000111	1.0	0.0	
-1.70000000083	1.0	0.0	
-1.80000000056	1.0	0.0	
-1.90000000028	1.0	0.0	
-2.0	0.899999999722	0.0	
-2.0	0.799999999445	0.0	
-2.0	0.699999999167	0.0	
-2.0	0.59999999889	0.0	
-2.0	0.499999998612	0.0	
-2.0	0.399999998335	0.0	
-2.0	0.299999998057	0.0	
-2.0	0.19999999778	0.0	
-2.0	0.099999997502	0.0	
-2.0	-2.75387135318e-09	0.0	
-2.0	-0.100000002498	0.0	
-2.0	-0.20000000222	0.0	
-2.0	-0.300000001943	0.0	
-2.0	-0.400000001665	0.0	
-2.0	-0.500000001388	0.0	
-2.0	-0.60000000111	0.0	
-2.0	-0.700000000833	0.0	
-2.0	-0.800000000555	0.0	
-2.0	-0.900000000278	0.0	
-0.509607359845	0.097545161242	0.0	
-0.538060233948	0.191341716674	0.0	
-0.584265194336	0.277785117239	0.0	
-0.64644661026	0.353553391447	0.0	
-0.722214884241	0.415734806653	0.0	
-0.808658284469	0.461939766526	0.0	
-0.9024548394	0.490392640283	0.0	
-1.09754516095	0.490392640213	0.0	
-1.1913417165	0.461939766125	0.0	
-1.27778511701	0.415734805817	0.0	
-1.3535533912	0.353553389982	0.0	
-1.4157348065	0.277785115987	0.0	
-1.46193976647	0.191341715665	0.0	
-1.49039264026	0.0975451607149	0.0	
-1.49039264016	-0.097545161232	0.0	
-1.46193976604	-0.19134171671	0.0	
-1.41573480564	-0.277785117275	0.0	
-1.3535533897	-0.353553391483	0.0	
-1.2777851157	-0.415734806691	0.0	
-1.19134171563	-0.461939766486	0.0	
-1.09754516075	-0.490392640253	0.0	
-0.902454838768	-0.490392640157	0.0	
-0.808658283311	-0.461939766046	0.0	
-0.722214882843	-0.415734805719	0.0	
-0.646446608657	-0.353553389843	0.0	
-0.584265193434	-0.277785115889	0.0	
-0.538060233513	-0.191341715625	0.0	
-0.509607359739	-0.0975451607086	0.0	
1.49039264016	0.097545161232	0.0	
1.46193976604	0.19134171671	0.0	
1.41573480564	0.277785117275	0.0	
1.3535533897	0.353553391483	0.0	
1.2777851157	0.415734806691	0.0	
1.19134171563	0.461939766486	0.0	
1.09754516075	0.490392640253	0.0	
0.902454838768	0.490392640157	0.0	
0.808658283311	0.461939766046	0.0	
0.722214882843	0.415734805719	0.0	
0.646446608657	0.353553389843	0.0	
0.584265193434	0.277785115889	0.0	
0.538060233513	0.191341715625	0.0	
0.509607359739	0.0975451607086	0.0	
0.509607359845	-0.097545161242	0.0	
0.538060233948	-0.191341716674	0.0	
0.584265194336	-0.277785117239	0.0	
0.64644661026	-0.353553391447	0.0	
0.722214884241	-0.415734806653	0.0	
0.808658284469	-0.461939766526	0.0	
0.9024548394	-0.490392640283	0.0	
1.09754516095	-0.490392640213	0.0	
1.1913417165	-0.461939766125	0.0	
1.27778511701	-0.415734805817	0.0	
1.3535533912	-0.353553389982	0.0	
1.4157348065	-0.277785115987	0.0	
1.46193976647	-0.191341715665	0.0	
1.49039264026	-0.0975451607149	0.0	
-0.00466388828622	-0.415791556709	0.0	
-8.64311301446e-05	0.421326600095	0.0	
0.0843615248716	0.012384238835	0.0	
0.344556816499	-0.613638805279	0.0	
-0.35903720836	0.601556768881	0.0	
0.344989011646	0.608052789648	0.0	
-0.344989011646	-0.608052789648	0.0	
-1.62348470263	-0.604304679617	0.0	
1.62348470263	0.604304679617	0.0	
1.60430467957	-0.62348470256	0.0	
-1.60430467957	0.62348470256	0.0	
-0.20808196183	-0.176569406569	0.0	
-0.222143192439	0.175815629537	0.0	
0.249172141839	0.234794852663	0.0	
0.245742292243	-0.255633671152	0.0	
0.629426055188	-0.701922671098	0.0	
-0.634590964737	0.711956085016	0.0	
-0.63459096475	-0.711956084963	0.0	
0.62942605532	0.701922671747	0.0	
0.0669180096672	-0.706528306397	0.0	
-0.0642349481527	0.719014237941	0.0	
-1.33737797115	-0.71307136322	0.0	
1.33737797115	0.71307136322	0.0	
1.71368517039	-0.344598234365	0.0	
-1.71368517039	0.344598234365	0.0	
1.34803650274	-0.704589817666	0.0	
-1.34803650274	0.704589817666	0.0	
-1.70458981767	-0.348036502918	0.0	
1.70458981767	0.348036502918	0.0	
1.07450494363	-0.743086902863	0.0	
-1.07450494363	0.743086902863	0.0	
1.74586526395	0.0798933630968	0.0	
-1.74586526395	-0.0798933630968	0.0	
-1.07450494328	-0.743086902786	0.0	
1.07450494328	0.743086902786	0.0	
-0.340876827089	-0.35473243396	0.0	
-0.333411011606	0.352050487469	0.0	
-0.170495348425	-0.757215477231	0.0	
0.165566463419	0.758622520946	0.0	
0.846402797098	-0.7716317789	0.0	
-0.850143797679	0.765409443372	0.0	
0.846402797045	0.771631780207	0.0	
-0.850143797767	-0.76540944476	0.0	
1.77874559276	0.778745592642	0.0	
-1.77874559276	-0.778745592642	0.0	
1.77874559264	-0.77874559276	0.0	
-1.77874559264	0.77874559276	0.0	
0.389604922872	0.41123695491	0.0	
0.40806273391	-0.403070314458	0.0	
-1.7766651026	0.130389298498	0.0	
1.7766651026	-0.130389298498	0.0	
0.290352183341	0.0415500197998	0.0	
0.445947183935	-0.79805145792	0.0	
-0.441204404117	0.794382749879	0.0	
-0.441047443629	-0.786590832328	0.0	
0.441652726314	0.790204826368	0.0	
0.204521239038	0.459443962097	0.0	
0.203340293061	-0.456757386871	0.0	
-0.538105553453	0.530765394331	0.0	
-0.546893745071	-0.518333533145	0.0	
-0.145094396127	-0.554689138647	0.0	
1.53262847971	0.426890869959	0.0	
-1.53262847971	-0.426890869959	0.0	
1.42689086961	-0.532628479733	0.0	
-1.42689086961	0.532628479733	0.0	
-0.194110949871	0.481010317641	0.0	
1.52444078562	-0.794614826767	0.0	
-1.52444078562	0.794614826767	0.0	
1.79461482679	0.524440785657	0.0	
-1.79461482679	-0.524440785657	0.0	
-1.5279666549	-0.789340486441	0.0	
1.5279666549	0.789340486441	0.0	
1.79437714982	-0.529224879547	0.0	
-1.79437714982	0.529224879547	0.0	
0.259666032747	-0.798738484318	0.0	
-0.25209266178	0.799809822038	0.0	
-0.309408625595	-0.00433691795015	0.0	
0.564656088509	0.525053130426	0.0	
0.564271385137	-0.511142880402	0.0	
0.0784483465984	0.5992298337	0.0	
-0.167234594005	-0.394110100209	0.0	
1.54279485128	-0.394359744487	0.0	
-1.54279485128	0.394359744487	0.0	
1.39476545215	0.543377169883	0.0	
-1.39476545215	-0.543377169883	0.0	
-0.373788824737	-0.187165429138	0.0	
-0.375135957032	0.187494437332	0.0	
1.22517167991	-0.817328612745	0.0	
-1.22517167991	0.817328612745	0.0	
-1.81354332685	-0.230025950225	0.0	
1.81354332685	0.230025950225	0.0	
-1.22141764122	-0.830551174781	0.0	
1.22141764122	0.830551174781	0.0	
-1.19610832346	-0.630153321158	0.0	
1.19610832346	0.630153321158	0.0	
-1.1961083235	0.630153320993	0.0	
1.1961083235	-0.630153320993	0.0	
-1.64421962868	-0.186224096211	0.0	
1.64421962868	0.186224096211	0.0	
-0.137806543141	0.321651989226	0.0	
0.036302741366	0.202492492749	0.0	
-1.62727185287	0.194307207344	0.0	
1.62727185287	-0.194307207344	0.0	
-0.0534594581191	-0.258602786833	0.0	
0.0867459386181	-0.173640100289	0.0	
-0.776621572094	0.617483732201	0.0	
0.776582591804	-0.624905522014	0.0	
-0.776621572606	-0.617483732515	0.0	
0.776582592421	0.624905522431	0.0	
0.345353399645	-0.0999835661819	0.0	
-0.0537162610604	-0.0933405257978	0.0	
-0.0723338383047	0.0709018983987	0.0	
-0.017655157105	-0.839933556972	0.0	
0.0155468807217	0.844530737537	0.0	
0.948400240927	-0.65034156825	0.0	
-0.948248969498	0.650344454013	0.0	
-0.948248968739	-0.650344454109	0.0	
0.948400240164	0.650341568346	0.0	
0.702819106722	-0.841939192384	0.0	
-0.712575213725	0.83426867877	0.0	
0.702819106618	0.841939192814	0.0	
-0.712575212454	-0.834268679206	0.0	
0.071070772071	-0.552376396202	0.0	
-1.65050307392	0.0449591700263	0.0	
1.65050307392	-0.0449591700263	0.0	
0.372768813574	0.196110284405	0.0	
-0.301391718929	-0.841131698194	0.0	
0.300078884323	0.847056589931	0.0	
1.8491050651	-0.278775889023	0.0	
-1.8491050651	0.278775889023	0.0	
0.114934986517	-0.320696161669	0.0	
0.201345622883	-0.633715836564	0.0	
0.204383070385	-0.0846023728616	0.0	
0.972374218858	-0.854117401654	0.0	
-0.972374218858	0.854117401654	0.0	
0.972374219256	0.854117401139	0.0	
-0.972374219256	-0.854117401139	0.0	
0.404946231665	-0.251472297589	0.0	
1.3873569365	-0.852558193344	0.0	
-1.3873569365	0.852558193344	0.0	
-1.85255819335	-0.387356936525	0.0	
1.85255819335	0.387356936525	0.0	
1.38735693649	0.852558193298	0.0	
-1.38735693649	-0.852558193298	0.0	
-1.48203603826	-0.661080693363	0.0	
1.48203603826	0.661080693363	0.0	
1.65206340449	-0.499061989839	0.0	
-1.65206340449	0.499061989839	0.0	
1.65793927463	-0.860390183237	0.0	
-1.65793927463	0.860390183237	0.0	
1.86039018324	0.657939274645	0.0	
-1.86039018324	-0.657939274645	0.0	
1.65793927467	0.860390182824	0.0	
-1.65793927467	-0.860390182824	0.0	
-1.86039018282	0.657939274668	0.0	
1.86039018282	-0.657939274668	0.0	
-0.489996907038	-0.382292252905	0.0	
-0.488810851191	0.387100209227	0.0	
-1.85702114791	0.017730710934	0.0	
1.85702114791	-0.017730710934	0.0	
-0.264689599194	-0.480558019186	0.0	
0.564219309909	-0.848435125137	0.0	
-0.563695266989	0.863911147823	0.0	
0.56417986791	0.848504608107	0.0	
-0.56369526745	-0.863911146489	0.0	
-0.667091274852	0.541713541892	0.0	
-0.667091275291	-0.541713542073	0.0	
-0.104293332682	0.858289605122	0.0	
0.106771007308	-0.860529745235	0.0	
-0.177255380101	-0.0260243287629	0.0	
1.55130019189	0.318395247024	0.0	
-1.55130019189	-0.318395247024	0.0	
-1.3183952467	0.551300191925	0.0	
1.3183952467	-0.551300191925	0.0	
-0.0658510740736	-0.673663563413	0.0	
-0.387135674784	0.495424645084	0.0	
0.215252583587	0.631949955033	0.0	
1.86720665784	-0.410769800644	0.0	
-1.86720665784	0.410769800644	0.0	
0.670817547492	-0.532467618553	0.0	
0.667287929715	0.531741968006	0.0	
-1.8767583329	-0.876758333048	0.0	
1.8767583329	0.876758333048	0.0	
1.87675833305	-0.876758332899	0.0	
-1.87675833305	0.876758332899	0.0	
-0.39502358987	-0.512590389174	0.0	
-1.06865637067	-0.615400925055	0.0	
1.06865637067	0.615400925055	0.0	
-1.06865637112	0.615400924682	0.0	
1.06865637112	-0.615400924682	0.0	
-0.25306926854	-0.282863460271	0.0	
-1.09883516844	0.875734728722	0.0	
1.09883516844	-0.875734728722	0.0	
-1.09883516799	-0.875734728072	0.0	
1.09883516799	0.875734728072	0.0	
-0.345071671999	0.867529854418	0.0	
0.344530151889	-0.879286804597	0.0	
0.527669352137	-0.403237875522	0.0	
-0.252963590559	0.281010001794	0.0	
-0.271202671079	-0.727490399622	0.0	
0.549643366781	0.389003132333	0.0	
-1.60314089955	-0.0966465186981	0.0	
1.60314089955	0.0966465186981	0.0	
0.453990460136	0.261461768573	0.0	
0.284908005075	0.389676876463	0.0	
0.14325425674	0.339591975377	0.0	
0.28357267965	-0.363209851905	0.0	
0.428077983312	0.517552864282	0.0	
0.472088717499	0.653615581149	0.0	
0.414126440031	-0.511531917668	0.0	
0.483109789584	-0.651470576602	0.0	
-0.073035116631	0.224895292771	0.0	
1.89326297074	0.0992109737512	0.0	
-1.89326297074	-0.0992109737512	0.0	
0.305904158797	0.7271750946	0.0	
-0.151027944128	-0.915394626343	0.0	
0.151027944128	0.915394626343	0.0	
1.74208309555	0.681395592281	0.0	
-1.74208309555	-0.681395592281	0.0	
1.68139559225	-0.74208309552	0.0	
-1.68139559225	0.74208309552	0.0	
0.324487373917	-0.718171151794	0.0	
0.0602523330209	0.70997845529	0.0	
-1.62163145267	-0.746735021118	0.0	
1.62163145267	0.746735021118	0.0	
-1.74724896636	0.621759842945	0.0	
1.74724896636	-0.621759842945	0.0	
-0.444918994347	-0.251609832206	0.0	
-0.445363154289	0.251775559224	0.0	
1.28072548123	0.530050823873	0.0	
-1.28072548123	-0.530050823873	0.0	
-0.39249313034	-0.0938695027053	0.0	
-0.392717652502	0.0924786982955	0.0	
1.54427598657	-0.27471898125	0.0	
-1.54427598657	0.27471898125	0.0	
0.32188404596	0.478783231628	0.0	
0.318011132538	-0.478645529598	0.0	
0.848678813975	-0.919592060973	0.0	
-0.848678813975	0.919592060973	0.0	
0.848678810622	0.919592062265	0.0	
-0.848678810622	-0.919592062265	0.0	
-0.0345118561359	-0.527470498496	0.0	
0.422823648638	0.057777000585	0.0	
-0.0211625387273	0.323673076001	0.0	
1.92342858995	-0.151016573033	0.0	
-1.92342858995	0.151016573033	0.0	
1.4245587722	0.43800975007	0.0	
-1.4245587722	-0.43800975007	0.0	
-1.43800974997	0.424558772262	0.0	
1.43800974997	-0.424558772262	0.0	
1.75059542517	-0.894459472208	0.0	
-1.75059542517	0.894459472208	0.0	
1.89445947221	0.750595425172	0.0	
-1.89445947221	-0.750595425172	0.0	
1.73736750328	0.892068045688	0.0	
-1.73736750328	-0.892068045688	0.0	
1.89206804569	-0.737367503281	0.0	
-1.89206804569	0.737367503281	0.0	
-0.228551057234	0.382573256952	0.0	
0.279887330317	0.1387687049	0.0	
0.143537070351	0.134664410466	0.0	
-0.299889372624	-0.129158960517	0.0	
-0.290897382834	0.10737237163	0.0	
-0.238361390315	-0.617015674518	0.0	
-0.294535796452	0.511521224272	0.0	
-0.200782301289	0.639724679315	0.0	
-0.0639336662172	0.565541841746	0.0	
-0.282640536922	0.69332541832	0.0	
0.0320345401296	0.0987285143253	0.0	
-0.44863184896	-0.925283718761	0.0	
0.449212304604	0.925681262048	0.0	
0.440710130368	-0.902384034435	0.0	
-0.446893202965	0.90683622747	0.0	
-0.180434880009	0.7149061506	0.0	
0.196189929517	0.0178749374953	0.0	
1.5551897095	-0.896636601599	0.0	
-1.5551897095	0.896636601599	0.0	
1.89663660161	0.555189709528	0.0	
-1.89663660161	-0.555189709528	0.0	
1.55688092723	0.894628311797	0.0	
-1.55688092723	-0.894628311797	0.0	
-1.89774053261	0.560995255122	0.0	
1.89774053261	-0.560995255122	0.0	
-0.608147280533	-0.445385254009	0.0	
-0.605157097232	0.450169726503	0.0	
0.144211120785	0.249493477605	0.0	
1.1719908224	-0.732556829843	0.0	
-1.1719908224	0.732556829843	0.0	
-1.73656779909	-0.167467704518	0.0	
1.73656779909	0.167467704518	0.0	
1.17836078984	0.734191903619	0.0	
-1.17836078984	-0.734191903619	0.0	
0.537133813139	-0.758575925881	0.0	
-0.541396686968	0.76053277713	0.0	
-0.473396906775	0.646198544944	0.0	
-0.541396686073	-0.760532776141	0.0	
-0.480521524748	-0.665335674545	0.0	
0.541396686073	0.760532776141	0.0	
0.35027273066	0.302892532664	0.0	
-0.106207230693	0.402598180892	0.0	
-0.378179760852	0.703852166185	0.0	
-0.386131379846	-0.696722956994	0.0	
0.105204128903	0.429395257292	0.0	
0.0938286740377	-0.461399441307	0.0	
0.0213843927486	0.519609019214	0.0	
-0.588123727029	0.618187646086	0.0	
-0.582655295095	-0.624336868595	0.0	
-0.253479161859	0.906032917895	0.0	
0.25517749347	-0.909066564286	0.0	
0.618024544966	0.45064525066	0.0	
0.617970636772	-0.427295465531	0.0	
0.15941159708	-0.726717105761	0.0	
0.266298684169	-0.556075414967	0.0	
1.77510599828	-0.430521383201	0.0	
-1.77510599828	0.430521383201	0.0	
-1.61818594933	-0.37722302267	0.0	
-1.67346174406	-0.502113619517	0.0	
1.61818594933	0.37722302267	0.0	
1.67346174406	0.502113619517	0.0	
1.37722302227	-0.618185949336	0.0	
1.50211361927	-0.673461743937	0.0	
-1.37722302227	0.618185949336	0.0	
-1.50211361927	0.673461743937	0.0	
1.52732596518	-0.569494748646	0.0	
-1.52732596518	0.569494748646	0.0	
-1.56949474882	-0.527325965288	0.0	
1.56949474882	0.527325965288	0.0	
0.485363621909	-0.310457840059	0.0	
-0.871514306508	0.608426703172	0.0	
0.857392975075	-0.591813003533	0.0	
0.857392975019	0.591813003712	0.0	
-0.871514306594	-0.60842670323	0.0	
1.42959546815	-0.756814074724	0.0	
-1.42959546815	0.756814074724	0.0	
-1.75681407472	-0.429595468252	0.0	
1.75681407472	0.429595468252	0.0	
-0.101561964661	-0.45210245778	0.0	
-1.28604803154	0.900476941591	0.0	
1.28604803154	-0.900476941591	0.0	
-1.90084315469	-0.28342101412	0.0	
1.90084315469	0.28342101412	0.0	
-1.28566496536	-0.901826182514	0.0	
1.28566496536	0.901826182514	0.0	
0.427586369297	-0.0489125260191	0.0	
0.0501074335057	-0.25298412533	0.0	
0.606647315909	-0.605413797535	0.0	
0.606647316639	0.605413797802	0.0	
-0.17269108232	0.0654321184737	0.0	
0.167282027046	0.565273356117	0.0	
0.434463849247	-0.158997307743	0.0	
-0.148419498195	-0.260770757127	0.0	
-0.00562706516663	0.630390295144	0.0	
-0.337282023111	0.777666049549	0.0	
-0.102070397369	-0.178325053724	0.0	
0.181016664486	-0.170294568424	0.0	
-1.59487584438	0.108987997502	0.0	
1.59487584438	-0.108987997502	0.0	
0.271275938398	0.561837526317	0.0	
1.35046120258	-0.465096861196	0.0	
-1.35046120258	0.465096861196	0.0	
1.46509686109	0.350461202789	0.0	
-1.46509686109	-0.350461202789	0.0	
1.61715492183	-0.335465983474	0.0	
-1.61715492183	0.335465983474	0.0	
-0.0954407346998	-0.347208004683	0.0	
-1.33595693583	-0.617308559631	0.0	
1.33595693583	0.617308559631	0.0	
-0.00565046517741	-0.173481447793	0.0	
1.48147172171	0.578199453439	0.0	
-1.48147172171	-0.578199453439	0.0	
1.56701158879	-0.487237113787	0.0	
-1.56701158879	0.487237113787	0.0	
0.0718045019362	0.297470876881	0.0	
1.31932297141	-0.795220298735	0.0	
-1.31932297141	0.795220298735	0.0	
-1.7960221739	-0.316855810626	0.0	
1.7960221739	0.316855810626	0.0	
-1.31331435987	-0.800467947714	0.0	
1.31331435987	0.800467947714	0.0	
-1.44560663519	0.919753983505	0.0	
1.44560663519	-0.919753983505	0.0	
1.91975398351	0.445606635213	0.0	
-1.91975398351	-0.445606635213	0.0	
1.44588850375	0.919419268504	0.0	
-1.44588850375	-0.919419268504	0.0	
-0.0109014864455	-0.000795602260968	0.0	
0.03590481619	-0.913283246209	0.0	
-0.03590481619	0.913283246209	0.0	
-0.34629964749	-0.922035806304	0.0	
0.349810152489	0.921544232215	0.0	
-0.186017999913	-0.477290422559	0.0	
0.0369765642316	-0.0832599456844	0.0	
-0.759523555368	0.915980846355	0.0	
0.759523555368	-0.915980846355	0.0	
-0.759523551114	-0.915980847429	0.0	
0.759523551114	0.915980847429	0.0	
-0.151245214041	-0.666668638877	0.0	
1.28844127254	-0.636275757845	0.0	
-1.28844127254	0.636275757845	0.0	
-1.63697323018	-0.287677471628	0.0	
1.63697323018	0.287677471628	0.0	
-0.0163829734916	-0.748561000927	0.0	
0.326293639266	-0.206035941169	0.0	
-0.249026067872	-0.392032636129	0.0	
0.179957434314	-0.361324765082	0.0	
-0.742093317174	0.527283083112	0.0	
-0.742093317236	-0.52728308316	0.0	
0.252418475848	0.91946422814	0.0	
-0.252052197449	-0.918558675199	0.0	
-1.5996086114	0.716178570057	0.0	
1.5996086114	-0.716178570057	0.0	
1.7161785701	0.599608611497	0.0	
-1.7161785701	-0.599608611497	0.0	
-0.452274941747	-0.166150579406	0.0	
-0.452274942067	0.166150580313	0.0	
-1.18065243347	0.911476582469	0.0	
1.18065243347	-0.911476582469	0.0	
-1.18065243257	-0.911476582129	0.0	
1.18065243257	0.911476582129	0.0	
-0.0549541082188	0.803128962644	0.0	
-1.16475243523	-0.555379210236	0.0	
1.16475243523	0.555379210236	0.0	
-1.15759189857	0.543018651488	0.0	
1.15759189857	-0.543018651488	0.0	
1.54683555643	0.165880752999	0.0	
-1.54683555643	-0.165880752999	0.0	
0.247797060998	-0.709770771761	0.0	
0.280717930107	-0.048553998327	0.0	
0.689122459904	-0.636890043248	0.0	
0.739530872496	-0.735256221545	0.0	
0.68912246049	0.636890044176	0.0	
0.739530872815	0.735256222435	0.0	
1.34411055169	0.473401077325	0.0	
-1.34411055169	-0.473401077325	0.0	
-1.4734010774	0.344110551792	0.0	
1.4734010774	-0.344110551792	0.0	
-0.054259365419	-0.919511771473	0.0	
0.0524571050787	0.924655285219	0.0	
-1.259231678	-0.683173868356	0.0	
1.259231678	0.683173868356	0.0	
0.146409359648	0.666046883952	0.0	
1.90976462395	0.184668088683	0.0	
-1.90976462395	-0.184668088683	0.0	
0.762218202039	-0.54039478141	0.0	
0.76006330671	0.541150434168	0.0	
0.112878519358	-0.628935823466	0.0	
0.0144168365025	-0.625740695049	0.0	
0.0591329576815	-0.793269671836	0.0	
-0.117511261994	0.638028359061	0.0	
0.263917832689	-0.144184019686	0.0	
1.57155438627	0.684739363558	0.0	
-1.57155438627	-0.684739363558	0.0	
1.68910220974	-0.568649145296	0.0	
-1.68910220974	0.568649145296	0.0	
-0.688197008849	-0.621728814692	0.0	
-0.726129628115	-0.707599576846	0.0	
-0.689108413886	0.620703944003	0.0	
-0.726129627431	0.707599575709	0.0	
0.364163967794	-0.322773141392	0.0	
-0.358117958282	-0.780329063132	0.0	
0.417084750694	-0.707409304744	0.0	
0.159231104967	-0.54332368396	0.0	
-1.028510708	-0.91904388332	0.0	
1.028510708	0.91904388332	0.0	
-1.02851070799	0.919043882312	0.0	
1.02851070799	-0.919043882312	0.0	
1.92404790929	-0.246276460169	0.0	
1.9195781479	-0.338571195455	0.0	
-1.92404790929	0.246276460169	0.0	
-1.9195781479	0.338571195455	0.0	
1.80481739775	-0.352087660613	0.0	
-1.80481739775	0.352087660613	0.0	
-0.123219757297	0.153788053506	0.0	
0.0130070056678	-0.329142860243	0.0	
-1.76437999316	0.277626426476	0.0	
-1.72677142873	0.198322886377	0.0	
-1.69552650617	0.115372588826	0.0	
-1.75897728666	0.0298656149201	0.0	
1.76437999316	-0.277626426476	0.0	
1.72677142873	-0.198322886377	0.0	
1.69552650617	-0.115372588826	0.0	
1.75897728666	-0.0298656149201	0.0	
1.54525444799	-0.185493164227	0.0	
-1.54525444799	0.185493164227	0.0	
-0.162000325741	0.234301021354	0.0	
-0.80684411057	0.838786817656	0.0	
0.790300308318	-0.836109213253	0.0	
0.79030030823	0.836109215318	0.0	
-0.806844109046	-0.838786819221	0.0	
0.121020134583	-0.0706862368004	0.0	
0.355374684975	0.786470478178	0.0	
0.38759225289	0.694016810944	0.0	
-0.97411048194	0.568447927412	0.0	
0.971782138606	-0.565678496511	0.0	
-0.974110481632	-0.568447927515	0.0	
0.971782138274	0.565678496635	0.0	
1.67012715996	-0.270625644712	0.0	
-1.67012715996	0.270625644712	0.0	
0.497619817794	0.461517457905	0.0	
-1.25817859542	0.719354106305	0.0	
1.25817859542	-0.719354106305	0.0	
-1.72819216567	-0.260483361115	0.0	
1.72819216567	0.260483361115	0.0	
0.81516981696	-0.698556264464	0.0	
0.815169817606	0.698556265191	0.0	
-0.808989900728	0.701415846337	0.0	
-0.808989901618	-0.701415846908	0.0	
-0.21219540036	-0.832003959408	0.0	
0.206031037965	0.840368857939	0.0	
-0.141791057544	-0.104175720053	0.0	
-0.037570830285	0.145759374199	0.0	
1.02076998433	-0.682197798081	0.0	
0.961680581799	-0.756868661277	0.0	
-1.02076998433	0.682197798081	0.0	
-0.957527185072	0.755566625906	0.0	
-1.02076998348	-0.682197798285	0.0	
-0.957527184643	-0.755566626322	0.0	
1.02076998348	0.682197798285	0.0	
0.961680581405	0.756868661831	0.0	
0.107740920884	0.511502574194	0.0	
0.100080590569	0.82053737765	0.0	
-0.103158937812	-0.818832560138	0.0	
0.657751670737	-0.927142410165	0.0	
-0.641648356624	0.90790849061	0.0	
-0.641648352512	-0.907908490164	0.0	
0.6577516661	0.92714240969	0.0	
0.156379085576	-0.255760862149	0.0	
-0.311315919578	0.431725484865	0.0	
0.941278066066	0.920950020287	0.0	
-0.941278066066	-0.920950020287	0.0	
0.941278068764	-0.920950019369	0.0	
-0.941278068764	0.920950019369	0.0	
-0.152323483316	0.562535280417	0.0	
0.452067785245	0.158272651798	0.0	
-0.562739056333	0.369839901147	0.0	
-0.564960580847	-0.365528667134	0.0	
-1.92371319082	0.47037551402	0.0	
1.92371319082	-0.47037551402	0.0	
0.165089483557	-0.925847132473	0.0	
-0.156904396157	0.921090815207	0.0	
-0.0748261240719	0.490175055839	0.0	
1.12670260746	0.671846704651	0.0	
-1.12670260746	-0.671846704651	0.0	
1.1267026076	-0.671846704501	0.0	
-1.1267026076	0.671846704501	0.0	
1.61199608856	-0.798607746692	0.0	
-1.61199608856	0.798607746692	0.0	
-1.79860774671	-0.611996088692	0.0	
1.79860774671	0.611996088692	0.0	
1.68640063477	0.778392468023	0.0	
-1.68640063477	-0.778392468023	0.0	
-1.77846588877	0.68641897623	0.0	
1.77846588877	-0.68641897623	0.0	
-1.58032055641	0.000135149086785	0.0	
1.58032055641	-0.000135149086783	0.0	
-0.419972472167	-1.82352266297e-10	0.0	
-1.6784434462	-0.0290349480489	0.0	
1.6784434462	0.0290349480489	0.0	
0.507040183619	0.577013050177	0.0	
0.50574721738	-0.575045014897	0.0	
0.486235084326	-0.477666118719	0.0	
-0.401680640025	0.413962073391	0.0	
1.81614421182	0.138424705405	0.0	
-1.81614421182	-0.138424705405	0.0	
-0.678279932391	0.766734176864	0.0	
-0.67827993249	-0.766734177284	0.0	
-0.41462501173	-0.405839887147	0.0	
1.65730713974	-0.426459925962	0.0	
-1.65730713974	0.426459925962	0.0	
1.13212520199	-0.798625055249	0.0	
-1.13212520199	0.798625055249	0.0	
1.13212520156	0.798625054714	0.0	
-1.13212520156	-0.798625054714	0.0	
-1.40511408124	-0.655357416874	0.0	
-1.4346273706	-0.755128369671	0.0	
1.40511408124	0.655357416874	0.0	
1.4346273706	0.755128369671	0.0	
0.669547551374	-0.770135650526	0.0	
0.669547551689	0.770135650911	0.0	
1.83026136649	-0.196373745634	0.0	
-1.83026136649	0.196373745634	0.0	
-0.335136831945	-0.444030033809	0.0	
-0.096987621915	-0.0108092512994	0.0	
-0.226890405398	-0.536185332493	0.0	
-0.887284831897	0.69623261456	0.0	
-0.887284831872	-0.696232615066	0.0	
-1.04340242697	0.822380488146	0.0	
1.04334336124	-0.821075530697	0.0	
-1.04340242682	-0.822380487953	0.0	
1.04334336113	0.82107553042	0.0	
-0.159560116458	0.803932263537	0.0	
-1.6501138947	-0.936448496276	0.0	
1.6501138947	0.936448496276	0.0	
-1.65100032214	0.9357794249	0.0	
1.65100032214	-0.9357794249	0.0	
1.93568558393	-0.650459331097	0.0	
-1.93568558393	0.650459331097	0.0	
-1.9357794249	-0.65100032214	0.0	
1.9357794249	0.65100032214	0.0	
0.559439479832	-0.6674987809	0.0	
0.548726730458	0.669192735259	0.0	
-0.0758982738459	-0.601881474595	0.0	
-0.47716365749	-0.463030595166	0.0	
0.36580978662	-0.802777177958	0.0	
-1.82497389726	-0.0505868307965	0.0	
1.82497389726	0.0505868307965	0.0	
1.36631622091	-0.931542162571	0.0	
-1.36631622091	0.931542162571	0.0	
1.93285100419	0.364893474593	0.0	
-1.93285100419	-0.364893474593	0.0	
-1.36630589372	-0.931645685279	0.0	
1.36630589372	0.931645685279	0.0	
0.229038801882	0.706525275348	0.0	
0.55697789652	0.915809316284	0.0	
-0.546811802323	-0.934332085468	0.0	
-0.546722974759	0.933182069411	0.0	
0.555808378509	-0.912401730877	0.0	
1.84665060663	-0.0943743788834	0.0	
1.92537912306	-0.0635321420763	0.0	
-1.84665060663	0.0943743788834	0.0	
-1.92537912306	0.0635321420763	0.0	
0.893452463771	0.843211523508	0.0	
-0.898104664344	-0.832946774997	0.0	
0.893452464802	-0.843211522571	0.0	
-0.89810466593	0.832946771277	0.0	
-0.228302220392	-0.0726066577114	0.0	
0.276897111693	-0.646274396073	0.0	
0.0665636950887	-0.379574526235	0.0	
1.49356494472	-0.479887355841	0.0	
-1.49356494472	0.479887355841	0.0	
1.48020703194	0.499445391481	0.0	
-1.48020703194	-0.499445391481	0.0	
-0.533349142462	0.443897861661	0.0	
-0.0988463632561	-0.735795411349	0.0	
0.890928236695	-0.703201442642	0.0	
0.890928236758	0.703201442864	0.0	
-1.60909472172	-0.454670926983	0.0	
1.60909472172	0.454670926983	0.0	
-1.45467092647	0.609094721753	0.0	
1.45467092647	-0.609094721753	0.0	
1.80588226813	0.702160175374	0.0	
-1.80588226813	-0.702160175374	0.0	
-1.70216017536	0.80588226813	0.0	
1.70216017536	-0.80588226813	0.0	
-0.254619560342	0.582348760639	0.0	
0.418571495082	0.603100605034	0.0	
0.420617802315	-0.599449123593	0.0	
-0.614109349693	0.803226994289	0.0	
-0.61410934891	-0.803226993027	0.0	
0.359826023777	0.104872191118	0.0	
-1.54640319602	-0.613996569433	0.0	
1.54640319602	0.613996569433	0.0	
1.60968585525	-0.548676298902	0.0	
-1.60968585525	0.548676298902	0.0	
-1.60040315093	-0.811022186259	0.0	
1.60040315093	0.811022186259	0.0	
-1.81338053208	0.605946260509	0.0	
1.81338053208	-0.605946260509	0.0	
0.475599509659	0.72171339212	0.0	
-1.4621582958	0.840928257181	0.0	
1.4621582958	-0.840928257181	0.0	
-1.84092825719	-0.46215829583	0.0	
1.84092825719	0.46215829583	0.0	
-1.47054407859	-0.842214925942	0.0	
1.47054407859	0.842214925942	0.0	
-1.5016476956	-0.256441662523	0.0	
1.5016476956	0.256441662523	0.0	
-1.25673366891	0.497334553037	0.0	
1.25673366891	-0.497334553037	0.0	
0.477047926295	-0.233681565775	0.0	
1.42232790778	-0.672429261483	0.0	
-1.42232790778	0.672429261483	0.0	
-1.6724292615	-0.422327908068	0.0	
1.6724292615	0.422327908068	0.0	
-0.398170451996	-0.850037545574	0.0	
0.398277141232	0.852635257244	0.0	
0.167108962776	-0.816480658235	0.0	
0.604274933641	-0.79676828669	0.0	
0.605307703619	0.795126922283	0.0	
0.292342124533	0.654926241982	0.0	
1.9216980733	0.0194025887997	0.0	
-1.9216980733	-0.0194025887997	0.0	
-0.763827096915	-0.769035757371	0.0	
-0.763827097087	0.769035756452	0.0	
-1.71359118041	0.490783464769	0.0	
1.71359118041	-0.490783464769	0.0	
-1.57413346969	-0.240598729581	0.0	
1.57413346969	0.240598729581	0.0	
1.23478593801	-0.568978992594	0.0	
-1.23478593801	0.568978992594	0.0	
-0.509205891166	0.302604700338	0.0	
-0.509464947995	-0.30139039841	0.0	
0.523625774268	0.316613443236	0.0	
0.354443259134	0.00112485349578	0.0	
1.68164740749	0.111853326114	0.0	
-1.68164740749	-0.111853326114	0.0	
0.461689554089	0.357488866035	0.0	
0.231004453765	0.317110466322	0.0	
-0.300492661105	-0.544703812894	0.0	
0.492956595569	0.846326647303	0.0	
-0.493534094685	-0.844854154722	0.0	
1.66022214033	0.682529289349	0.0	
-1.66022214033	-0.682529289349	0.0	
1.68335432468	-0.659762388768	0.0	
-1.68335432468	0.659762388768	0.0	
0.0572982951008	0.369549269185	0.0	
0.497702720159	-0.844264133023	0.0	
-0.493810179685	0.844367764136	0.0	
-0.469359627033	0.478265615861	0.0	
-0.443903999499	0.554145913607	0.0	
0.354539210708	-0.547791290834	0.0	
0.357999093288	0.545898245701	0.0	
-0.421182462796	0.331979864401	0.0	
-0.357515789864	0.275079743474	0.0	
0.193778416704	0.38704370751	0.0	
-0.67858366666	0.471692796815	0.0	
-0.678583666817	-0.471692797013	0.0	
-1.06101288966	-0.545924140612	0.0	
1.06054722098	0.545370254436	0.0	
-1.05958078252	0.543452028759	0.0	
1.05911511385	-0.542898142579	0.0	
-0.425967001352	-0.328466110988	0.0	
-0.356310729788	-0.271653477664	0.0	
-0.298228031504	-0.209482146832	0.0	
-0.299731182546	0.205354436754	0.0	
1.24735497075	0.603213156651	0.0	
-1.24735497075	-0.603213156651	0.0	
0.575346940606	-0.349414052072	0.0	
1.25791771082	0.755798880417	0.0	
-1.25791771082	-0.755798880417	0.0	
-0.235710938248	0.0139673171359	0.0	
-0.185323410116	-0.326074648126	0.0	
0.317265131455	-0.277062543246	0.0	
0.263935522261	0.782842622135	0.0	
-0.468679272231	-0.533875134481	0.0	
-0.428739528741	-0.598822730099	0.0	
-0.824387085079	0.533581114996	0.0	
-0.824387085228	-0.533581114482	0.0	
-0.53930462228	-0.433723726237	0.0	
-1.85361876365	0.480112517386	0.0	
1.85361876365	-0.480112517386	0.0	
-0.349667936291	0.944847339358	0.0	
0.35000000458	-0.94987459819	0.0	
-0.506873378372	-0.589133332363	0.0	
0.631095001811	-0.859011797221	0.0	
0.6300499771	0.856979499111	0.0	
0.0115563658509	0.777033845141	0.0	

#Nombre de triangles
1680

#Numeros des sommets de chaque triangle
467	243	350	
468	349	242	
601	19	525	
602	77	526	
600	522	43	
599	521	101	
442	283	382	
882	190	369	
919	369	190	
831	707	346	
832	348	708	
419	231	388	
420	390	232	
580	221	383	
419	388	240	
420	241	390	
626	523	120	
625	524	62	
628	165	364	
627	363	174	
898	240	388	
831	303	707	
832	708	305	
525	19	18	
526	77	76	
523	121	120	
524	63	62	
521	102	101	
522	44	43	
448	359	188	
489	242	349	
490	350	243	
437	228	365	
436	227	366	
435	230	368	
434	229	367	
439	365	228	
438	366	227	
440	367	229	
441	368	230	
627	175	513	
628	514	164	
513	175	176	
514	163	164	
511	381	232	
427	395	283	
419	391	231	
420	232	393	
774	491	723	
908	196	446	
766	531	295	
588	198	390	
691	383	221	
691	310	383	
557	516	322	
558	517	323	
559	518	324	
560	519	325	
724	249	716	
737	142	385	
738	156	386	
544	245	354	
545	246	355	
542	247	357	
543	248	356	
501	354	245	
499	355	246	
505	356	248	
503	357	247	
484	188	478	
738	540	183	
737	539	141	
642	511	232	
676	372	299	
677	373	298	
678	300	370	
679	301	371	
482	388	231	
414	146	147	
413	160	161	
557	209	516	
558	210	517	
559	211	518	
560	212	519	
927	480	490	
427	284	395	
774	259	491	
828	716	249	
682	493	384	
724	483	249	
739	128	416	
739	415	155	
418	139	140	
417	181	182	
893	188	359	
580	383	447	
733	227	401	
734	228	402	
736	229	403	
735	230	404	
644	394	476	
493	166	384	
893	242	478	
737	7	142	
738	4	156	
893	478	188	
442	382	220	
774	603	204	
739	6	128	
739	155	6	
738	183	4	
737	141	7	
447	383	190	
456	379	237	
774	204	457	
400	88	87	
399	30	29	
907	445	195	
494	174	363	
493	364	165	
604	370	277	
605	371	278	
606	279	372	
607	280	373	
710	528	288	
865	397	119	
864	396	61	
682	261	493	
768	689	512	
769	515	690	
876	384	166	
644	405	187	
710	198	588	
594	504	193	
593	506	194	
595	502	192	
596	500	191	
726	277	370	
725	278	371	
728	372	279	
727	373	280	
758	561	327	
760	562	326	
601	377	20	
602	378	78	
599	100	375	
600	42	376	
508	194	506	
507	193	504	
510	192	502	
509	191	500	
828	249	448	
799	346	707	
798	708	348	
494	262	381	
493	261	364	
494	363	262	
517	506	251	
516	504	250	
519	502	252	
518	500	253	
811	588	487	
520	425	244	
885	733	401	
886	734	402	
887	736	403	
888	735	404	
758	205	561	
760	206	562	
651	56	361	
653	114	362	
766	353	531	
880	482	231	
720	362	114	
721	361	56	
787	380	258	
699	370	300	
701	371	301	
697	299	372	
695	298	373	
681	418	285	
680	417	286	
711	249	442	
529	262	363	
530	364	261	
587	219	374	
744	381	262	
722	32	570	
723	90	571	
445	269	415	
446	416	270	
908	382	196	
628	164	165	
627	174	175	
485	190	383	
711	448	249	
787	236	455	
626	119	397	
625	61	396	
876	168	387	
787	455	380	
533	527	170	
593	251	506	
594	250	504	
596	253	500	
595	252	502	
717	387	168	
689	289	512	
690	515	291	
717	309	387	
492	258	380	
491	259	379	
882	369	765	
642	321	511	
488	486	185	
656	295	531	
759	552	267	
757	553	268	
907	195	374	
752	555	266	
751	554	265	
536	237	379	
881	482	197	
445	415	260	
446	260	416	
482	387	309	
876	166	167	
880	387	482	
644	476	236	
818	687	513	
819	514	688	
744	232	381	
774	723	351	
906	374	219	
881	388	482	
630	585	358	
630	203	585	
534	374	195	
783	743	529	
784	530	742	
811	314	588	
723	571	351	
722	570	352	
609	385	142	
608	386	156	
648	375	100	
649	376	42	
647	78	378	
646	20	377	
617	146	414	
616	160	413	
624	532	263	
624	360	532	
903	372	676	
904	373	677	
902	679	371	
901	678	370	
611	458	235	
421	40	39	
422	98	97	
424	23	22	
423	81	80	
611	316	458	
609	281	385	
608	282	386	
787	258	405	
536	379	259	
541	419	240	
426	169	5	
771	696	213	
770	698	214	
772	217	700	
773	218	702	
438	72	71	
439	14	13	
441	111	110	
440	53	52	
435	107	106	
434	49	48	
436	68	67	
437	126	125	
703	486	488	
830	644	187	
681	547	418	
680	546	417	
710	314	528	
634	255	408	
635	254	407	
637	257	409	
636	256	410	
824	401	227	
825	402	228	
827	403	229	
826	404	230	
797	83	709	
798	25	708	
800	706	37	
799	707	95	
929	797	709	
928	706	800	
618	139	418	
619	181	417	
673	538	288	
734	439	228	
733	438	227	
736	440	229	
735	441	230	
876	167	168	
590	150	151	
589	132	133	
640	589	289	
638	291	590	
776	72	438	
775	14	439	
780	111	441	
779	53	440	
782	436	67	
781	437	125	
777	435	106	
778	434	48	
860	492	722	
457	449	451	
897	220	382	
744	393	232	
457	451	259	
660	285	539	
664	286	540	
668	196	382	
588	241	487	
668	382	283	
682	231	391	
702	218	701	
700	217	699	
696	695	213	
698	697	214	
717	169	426	
900	590	151	
899	132	589	
627	612	363	
628	364	614	
882	765	344	
643	383	310	
833	717	426	
687	290	513	
688	514	292	
548	534	287	
619	433	180	
618	432	138	
616	430	159	
617	431	145	
731	335	462	
732	334	461	
729	332	459	
730	333	460	
533	293	527	
627	290	612	
628	614	292	
809	445	260	
591	86	573	
592	28	572	
605	413	161	
604	414	147	
739	260	415	
739	416	260	
914	809	260	
734	337	439	
733	336	438	
735	338	441	
736	339	440	
569	295	452	
535	406	263	
569	452	186	
915	534	548	
544	159	430	
545	145	431	
542	180	433	
543	138	432	
640	349	589	
638	590	350	
535	204	406	
704	222	406	
838	407	254	
839	408	255	
841	410	256	
840	409	257	
916	390	198	
574	520	244	
597	411	154	
598	129	412	
597	269	411	
598	412	270	
743	262	529	
742	530	261	
620	30	399	
621	88	400	
759	329	552	
757	328	553	
429	117	116	
428	59	58	
752	331	555	
751	330	554	
613	612	290	
615	292	614	
879	385	281	
878	386	282	
597	155	415	
598	416	128	
630	425	306	
496	241	420	
597	415	269	
598	270	416	
613	199	612	
615	614	202	
588	390	241	
642	232	390	
877	293	611	
626	120	119	
625	62	61	
877	527	293	
484	451	188	
875	154	411	
874	412	129	
900	152	467	
899	468	131	
860	258	492	
895	391	419	
894	420	393	
783	476	394	
900	151	152	
899	131	132	
694	395	284	
810	187	405	
520	184	425	
732	461	252	
731	462	253	
729	459	250	
730	460	251	
724	716	450	
668	283	395	
908	446	270	
775	439	337	
776	438	336	
780	441	338	
779	440	339	
782	334	436	
781	335	437	
777	333	435	
778	332	434	
754	272	599	
753	271	600	
755	602	276	
756	601	275	
764	658	659	
763	662	663	
645	315	629	
631	570	296	
527	426	5	
527	5	170	
592	399	29	
591	400	87	
619	180	181	
618	138	139	
617	145	146	
616	159	160	
685	472	281	
686	473	282	
684	470	280	
683	471	279	
907	269	445	
828	449	716	
673	316	538	
909	413	605	
910	414	604	
903	606	372	
904	607	373	
901	370	604	
902	371	605	
754	599	375	
753	600	376	
755	378	602	
756	377	601	
541	240	532	
657	528	314	
685	281	583	
686	282	584	
684	280	581	
683	279	582	
631	352	570	
881	197	469	
580	447	244	
610	405	258	
624	406	222	
881	469	389	
535	488	450	
535	263	488	
783	394	743	
784	742	392	
455	36	35	
456	94	93	
631	203	495	
586	293	533	
586	533	321	
549	268	414	
550	267	413	
453	27	26	
454	85	84	
886	596	191	
885	595	192	
888	593	194	
887	594	193	
894	187	496	
545	144	145	
544	158	159	
543	137	138	
542	179	180	
601	20	19	
602	78	77	
599	101	100	
600	43	42	
811	657	314	
547	266	418	
546	265	417	
863	675	189	
818	513	298	
819	301	514	
617	414	268	
616	413	267	
906	411	269	
768	512	299	
769	300	515	
592	572	310	
591	573	311	
869	751	497	
868	752	498	
544	430	245	
545	431	246	
542	433	247	
543	432	248	
556	284	427	
828	188	451	
914	260	446	
828	451	449	
660	539	307	
664	540	308	
909	605	278	
910	604	277	
801	234	665	
803	233	661	
860	631	495	
897	270	412	
624	263	406	
785	580	244	
825	228	437	
824	227	436	
827	229	434	
826	230	435	
459	47	46	
460	105	104	
462	124	123	
461	66	65	
463	74	73	
464	16	15	
466	55	54	
465	113	112	
618	418	266	
619	417	265	
863	398	675	
930	406	204	
599	272	521	
600	271	522	
602	526	276	
601	525	275	
603	571	297	
603	351	571	
629	315	495	
665	234	664	
661	233	660	
629	495	203	
911	494	381	
712	423	80	
713	424	22	
714	40	421	
715	98	422	
671	225	615	
670	613	223	
869	330	751	
868	331	752	
705	620	399	
704	621	400	
703	240	486	
671	615	304	
670	302	613	
868	257	637	
869	256	636	
576	422	97	
577	421	39	
579	81	423	
578	23	424	
898	389	486	
898	486	240	
666	417	182	
667	418	140	
492	34	33	
491	92	91	
531	446	196	
587	264	574	
673	186	458	
587	574	344	
914	446	531	
666	286	417	
667	285	418	
775	337	464	
776	336	463	
780	338	465	
779	339	466	
781	462	335	
782	461	334	
777	460	333	
778	459	332	
833	309	717	
879	281	472	
878	282	473	
865	788	397	
864	789	396	
880	231	682	
645	496	315	
536	484	237	
886	402	596	
885	401	595	
888	404	593	
887	403	594	
533	170	171	
838	464	337	
839	463	336	
840	465	338	
841	466	339	
494	173	174	
493	165	166	
919	190	485	
919	485	480	
536	259	451	
853	172	511	
764	659	233	
763	663	234	
703	532	240	
632	535	450	
673	458	316	
632	204	535	
853	171	172	
652	429	116	
650	428	58	
911	173	494	
627	513	290	
628	292	514	
661	660	307	
665	664	308	
761	199	613	
762	615	202	
824	436	334	
825	437	335	
827	434	332	
826	435	333	
687	613	290	
688	292	615	
556	469	284	
915	587	374	
877	235	833	
770	318	698	
771	317	696	
772	700	320	
773	702	319	
785	244	425	
810	496	187	
705	296	620	
704	297	621	
548	184	520	
737	307	539	
738	308	540	
926	34	492	
925	92	491	
655	313	653	
654	312	651	
894	496	420	
668	656	196	
668	395	656	
626	273	523	
625	274	524	
710	588	314	
874	129	130	
875	153	154	
860	722	352	
885	408	733	
886	407	734	
888	409	735	
887	410	736	
759	267	550	
757	268	549	
683	272	471	
684	271	470	
686	274	473	
685	273	472	
575	288	551	
865	119	118	
864	61	60	
889	427	185	
655	653	362	
654	651	361	
711	359	448	
752	266	547	
751	265	546	
926	455	35	
925	456	93	
571	90	89	
570	32	31	
833	235	443	
673	288	575	
536	451	484	
877	833	426	
719	467	152	
718	131	468	
710	288	538	
926	380	455	
925	379	456	
641	640	289	
639	291	638	
930	704	406	
751	207	497	
752	208	498	
808	715	422	
807	714	421	
806	424	713	
805	423	712	
865	342	788	
864	343	789	
785	358	580	
926	492	380	
925	491	379	
883	454	797	
884	453	798	
890	800	455	
891	799	456	
798	453	26	
797	454	84	
551	528	287	
843	251	460	
844	250	459	
846	252	461	
845	253	462	
847	464	254	
848	463	255	
801	665	343	
803	661	342	
622	205	549	
623	206	550	
660	659	285	
664	663	286	
645	487	241	
799	94	456	
800	36	455	
929	347	797	
928	800	345	
645	306	487	
889	486	389	
572	27	453	
573	85	454	
709	83	82	
708	25	24	
706	38	37	
707	96	95	
741	665	308	
740	661	307	
667	140	141	
666	182	183	
845	324	518	
846	325	519	
844	322	516	
843	323	517	
556	389	469	
777	105	460	
778	47	459	
781	124	462	
782	66	461	
776	463	73	
775	464	15	
779	466	54	
780	465	112	
564	459	46	
563	460	104	
566	462	123	
565	461	65	
568	16	464	
567	74	463	
745	359	711	
645	629	306	
815	431	268	
814	430	267	
812	433	265	
813	432	266	
838	254	464	
839	255	463	
840	257	465	
841	256	466	
746	274	625	
747	273	626	
694	284	452	
591	87	86	
592	29	28	
747	626	397	
746	625	396	
656	531	196	
558	521	272	
557	522	271	
559	523	273	
560	524	274	
562	276	526	
561	275	525	
617	268	431	
616	267	430	
618	266	432	
619	265	433	
557	322	522	
558	323	521	
560	325	524	
559	324	523	
562	526	326	
561	525	327	
551	287	537	
649	42	41	
648	100	99	
646	21	20	
647	79	78	
632	449	457	
766	294	693	
632	457	204	
802	59	428	
804	117	429	
577	39	38	
576	97	96	
579	82	81	
578	24	23	
705	585	296	
696	298	695	
698	299	697	
702	701	301	
700	699	300	
903	135	606	
904	177	607	
902	605	162	
901	604	148	
851	606	136	
852	607	178	
850	608	157	
849	609	143	
667	141	539	
666	183	540	
563	104	103	
564	46	45	
565	65	64	
566	123	122	
568	17	16	
567	75	74	
687	223	613	
688	615	225	
572	28	27	
573	86	85	
764	429	652	
763	428	650	
872	607	852	
873	606	851	
870	609	849	
871	608	850	
575	551	294	
761	613	302	
762	304	615	
880	682	384	
548	520	264	
675	674	239	
683	558	272	
684	557	271	
686	560	274	
685	559	273	
785	425	630	
920	512	289	
921	291	515	
758	328	757	
760	329	759	
541	532	360	
574	264	520	
817	585	705	
861	476	199	
862	202	481	
705	691	221	
704	692	222	
831	477	200	
832	201	479	
705	399	691	
704	400	692	
643	485	383	
653	115	114	
651	57	56	
584	354	501	
583	355	499	
581	357	503	
582	356	505	
551	288	528	
889	389	556	
537	534	195	
890	345	800	
891	346	799	
614	364	530	
612	529	363	
584	501	212	
583	499	211	
581	503	209	
582	505	210	
815	246	431	
814	245	430	
812	247	433	
813	248	432	
882	447	190	
808	669	224	
807	670	223	
805	225	671	
806	226	672	
883	797	347	
884	798	348	
808	422	669	
807	421	670	
805	671	423	
806	672	424	
815	509	246	
814	510	245	
813	508	248	
812	507	247	
915	548	264	
537	287	534	
694	452	295	
808	318	715	
807	317	714	
806	713	320	
805	712	319	
905	340	875	
816	718	468	
913	561	205	
912	562	206	
910	622	549	
909	623	550	
711	442	220	
721	56	55	
720	114	113	
622	277	475	
623	278	474	
789	665	215	
788	661	216	
833	443	309	
789	343	665	
788	342	661	
767	244	447	
726	699	217	
725	701	218	
728	214	697	
727	213	695	
853	533	171	
896	874	341	
843	460	563	
844	459	564	
846	461	565	
845	462	566	
847	568	464	
848	567	463	
915	264	587	
551	537	294	
919	918	369	
913	205	622	
912	206	623	
633	198	538	
867	303	748	
866	749	305	
809	195	445	
746	215	473	
747	216	472	
758	757	205	
760	759	206	
787	405	644	
783	199	476	
784	481	202	
754	471	272	
753	470	271	
755	276	474	
756	275	475	
787	644	236	
810	405	610	
774	351	603	
921	590	291	
920	289	589	
610	258	495	
891	456	237	
890	455	236	
828	448	188	
847	758	327	
848	760	326	
657	184	548	
727	470	213	
728	471	214	
726	217	475	
725	218	474	
860	352	631	
610	495	315	
654	497	207	
655	498	208	
742	261	682	
884	479	238	
883	481	239	
742	682	391	
883	347	481	
884	348	479	
890	236	476	
891	237	477	
741	215	665	
740	216	661	
703	488	263	
891	477	346	
890	476	345	
643	238	485	
633	586	198	
878	473	215	
879	472	216	
796	624	222	
803	764	233	
801	763	234	
675	398	674	
639	638	201	
641	200	640	
794	525	18	
795	526	76	
791	102	521	
790	44	522	
792	63	524	
793	121	523	
803	429	764	
801	428	763	
724	185	483	
804	118	117	
802	60	59	
815	553	509	
814	552	510	
812	554	507	
813	555	508	
722	33	32	
723	91	90	
922	243	467	
726	370	699	
725	371	701	
728	697	372	
727	695	373	
597	154	155	
598	128	129	
721	55	466	
720	113	465	
829	189	675	
842	481	784	
810	315	496	
630	306	629	
766	693	353	
630	629	203	
724	488	185	
923	257	498	
924	256	497	
621	89	88	
620	31	30	
640	489	349	
638	350	490	
923	498	362	
924	497	361	
745	711	220	
763	312	662	
764	313	658	
907	374	906	
923	465	257	
924	466	256	
794	18	17	
795	76	75	
793	122	121	
792	64	63	
791	103	102	
790	45	44	
604	147	148	
605	161	162	
607	177	178	
606	135	136	
608	156	157	
609	142	143	
640	200	489	
638	490	201	
575	294	569	
575	569	186	
676	512	134	
677	513	176	
678	149	515	
679	163	514	
774	457	259	
633	611	293	
922	467	719	
657	287	528	
805	702	225	
806	700	226	
808	224	698	
807	223	696	
725	474	278	
726	475	277	
727	280	470	
728	279	471	
900	467	350	
899	349	468	
612	199	529	
614	530	202	
806	320	700	
805	319	702	
808	698	318	
807	696	317	
903	676	9	
904	677	11	
901	8	678	
902	10	679	
911	511	172	
911	381	511	
764	652	313	
763	650	312	
816	468	242	
645	241	496	
905	875	411	
679	10	163	
678	8	149	
676	134	9	
677	176	11	
633	316	611	
753	213	470	
754	214	471	
756	475	217	
755	474	218	
746	473	274	
747	472	273	
892	745	341	
655	362	498	
654	361	497	
842	675	239	
845	518	253	
846	519	252	
844	516	250	
843	517	251	
889	556	427	
703	263	532	
724	450	488	
896	412	874	
815	268	553	
814	267	552	
812	265	554	
813	266	555	
842	239	481	
631	296	585	
832	305	749	
831	748	303	
831	346	477	
832	479	348	
861	345	476	
862	481	347	
912	474	276	
913	475	275	
796	360	624	
899	589	349	
900	350	590	
785	630	358	
768	299	698	
769	700	300	
677	298	513	
676	299	512	
678	515	300	
679	514	301	
811	487	184	
621	571	89	
620	570	31	
768	698	224	
769	226	700	
709	82	579	
708	24	578	
706	577	38	
707	576	96	
818	696	223	
819	225	702	
889	185	486	
723	491	91	
722	492	33	
773	319	647	
772	320	646	
771	649	317	
770	648	318	
652	116	115	
650	58	57	
773	647	378	
772	646	377	
770	375	648	
771	376	649	
740	737	385	
741	738	386	
740	307	737	
741	308	738	
830	394	644	
684	581	209	
683	582	210	
685	583	211	
686	584	212	
818	298	696	
819	702	301	
867	669	303	
866	305	672	
657	548	287	
863	541	360	
680	663	662	
681	659	658	
848	255	760	
847	254	758	
851	137	543	
852	179	542	
850	158	544	
849	144	545	
829	675	392	
744	262	743	
842	784	392	
744	743	393	
621	297	571	
620	296	570	
851	543	356	
852	542	357	
850	544	354	
849	545	355	
927	918	919	
633	538	316	
790	564	45	
791	563	103	
792	565	64	
793	566	122	
794	17	568	
795	75	567	
766	569	294	
836	193	507	
837	194	508	
835	192	510	
834	191	509	
863	189	541	
693	294	537	
885	192	634	
886	191	635	
887	193	636	
888	194	637	
856	211	499	
857	212	501	
854	209	503	
855	210	505	
885	634	408	
886	635	407	
887	636	410	
888	637	409	
856	518	211	
857	519	212	
854	516	209	
855	517	210	
859	311	573	
714	41	40	
715	99	98	
712	80	79	
713	22	21	
822	248	508	
823	247	507	
820	246	509	
821	245	510	
817	580	358	
817	221	580	
927	490	243	
822	508	506	
823	507	504	
821	510	502	
820	509	500	
633	293	586	
930	204	603	
861	199	761	
862	762	202	
895	419	541	
895	541	189	
788	216	747	
789	215	746	
916	586	321	
930	297	704	
893	892	242	
631	585	203	
920	134	512	
921	515	149	
884	858	453	
908	897	382	
831	200	748	
832	749	201	
717	168	169	
718	130	131	
719	152	153	
689	641	289	
690	291	639	
653	313	652	
651	312	650	
664	234	663	
660	233	659	
884	238	858	
860	495	258	
693	537	195	
666	540	286	
667	539	285	
790	522	322	
791	521	323	
792	524	325	
793	523	324	
794	327	525	
795	326	526	
858	310	572	
820	499	246	
821	501	245	
822	505	248	
823	503	247	
853	321	533	
680	662	207	
681	658	208	
662	654	207	
658	655	208	
855	506	517	
854	504	516	
857	502	519	
856	500	518	
868	498	257	
869	497	256	
927	919	480	
853	511	321	
680	207	546	
681	208	547	
839	733	408	
838	734	407	
840	735	409	
841	736	410	
916	321	642	
917	796	222	
839	336	733	
838	337	734	
840	338	735	
841	339	736	
920	133	134	
921	149	150	
783	529	199	
784	202	530	
917	222	692	
928	761	302	
929	304	762	
683	210	558	
684	209	557	
685	211	559	
686	212	560	
776	73	72	
775	15	14	
779	54	53	
780	112	111	
782	67	66	
781	125	124	
778	48	47	
777	106	105	
765	219	587	
669	422	576	
670	421	577	
672	578	424	
671	579	423	
765	587	344	
651	650	57	
653	652	115	
670	577	302	
669	576	303	
672	305	578	
671	304	579	
673	575	186	
859	674	311	
895	829	391	
894	393	830	
710	538	198	
826	730	404	
827	729	403	
825	731	402	
824	732	401	
798	26	25	
797	84	83	
800	37	36	
799	95	94	
826	333	730	
827	332	729	
825	335	731	
824	334	732	
790	322	564	
791	323	563	
792	325	565	
793	324	566	
795	567	326	
794	568	327	
842	392	675	
928	861	761	
929	762	862	
877	426	527	
691	592	310	
692	591	311	
680	286	663	
681	285	659	
691	399	592	
692	400	591	
716	632	450	
748	200	641	
749	639	201	
716	449	632	
835	510	552	
834	509	553	
836	507	554	
837	508	555	
906	905	411	
850	157	158	
849	143	144	
852	178	179	
851	136	137	
816	341	718	
706	302	577	
707	303	576	
709	579	304	
708	578	305	
866	639	749	
867	748	641	
883	859	454	
883	239	859	
858	643	310	
767	574	244	
914	531	353	
892	341	816	
925	93	92	
926	35	34	
904	11	177	
903	9	135	
902	162	10	
901	148	8	
911	172	173	
897	412	896	
751	546	207	
752	547	208	
757	549	205	
759	550	206	
873	356	582	
872	357	581	
871	354	584	
870	355	583	
873	582	279	
872	581	280	
870	583	281	
871	584	282	
694	295	656	
865	118	804	
864	60	802	
916	642	390	
766	295	569	
658	313	655	
662	312	654	
877	611	235	
834	553	328	
835	552	329	
837	555	331	
836	554	330	
729	250	594	
730	251	593	
732	252	595	
731	253	596	
730	593	404	
729	594	403	
731	596	402	
732	595	401	
788	747	397	
789	746	396	
767	344	574	
892	359	745	
917	674	398	
771	213	753	
770	214	754	
773	755	218	
772	756	217	
882	767	447	
917	311	674	
714	649	41	
715	648	99	
712	79	647	
713	21	646	
770	754	375	
771	753	376	
773	378	755	
772	377	756	
915	374	534	
802	428	801	
804	429	803	
893	359	892	
694	656	395	
858	572	453	
914	353	809	
829	742	391	
830	393	743	
844	564	322	
843	563	323	
846	565	325	
845	566	324	
848	326	567	
847	327	568	
713	646	320	
712	647	319	
715	318	648	
714	317	649	
895	189	829	
894	830	187	
817	358	585	
922	786	243	
859	573	454	
811	184	657	
909	550	413	
910	549	414	
786	340	750	
786	750	369	
897	896	220	
868	637	331	
869	636	330	
912	276	562	
913	275	561	
906	219	905	
768	224	689	
769	690	226	
810	610	315	
818	223	687	
819	688	225	
905	750	340	
896	341	745	
910	277	622	
909	278	623	
834	328	635	
835	329	634	
836	330	636	
837	331	637	
875	340	719	
874	718	341	
802	801	343	
804	803	342	
916	198	586	
863	360	796	
863	796	398	
809	693	195	
920	589	133	
921	150	590	
907	906	269	
924	721	466	
923	720	465	
835	634	192	
834	635	191	
836	636	193	
837	637	194	
872	280	607	
873	279	606	
870	281	609	
871	282	608	
913	622	475	
912	623	474	
765	369	750	
809	353	693	
765	750	219	
858	238	643	
930	603	297	
817	705	221	
873	851	356	
872	852	357	
871	850	354	
870	849	355	
867	224	669	
866	672	226	
859	239	674	
867	689	224	
866	226	690	
908	270	897	
829	392	742	
830	743	394	
927	243	918	
866	690	639	
867	641	689	
922	719	340	
865	804	342	
864	802	343	
874	130	718	
875	719	153	
917	692	311	
855	822	506	
854	823	504	
856	820	500	
857	821	502	
879	740	385	
878	741	386	
928	302	706	
929	709	304	
917	398	796	
878	215	741	
879	216	740	
855	505	822	
854	503	823	
856	499	820	
857	501	821	
896	745	220	
882	344	767	
923	362	720	
924	361	721	
905	219	750	
892	816	242	
880	876	387	
880	384	876	
918	243	786	
918	786	369	
922	340	786	
898	388	881	
898	881	389	
928	345	861	
929	862	347	
0	127	12	
51	1	50	
70	2	69	
3	108	109	
365	13	12	
365	12	127	
439	13	365	
367	50	49	
434	367	49	
367	51	50	
367	52	51	
440	52	367	
366	69	68	
436	366	68	
366	70	69	
366	71	70	
438	71	366	
368	108	107	
435	368	107	
368	109	108	
368	110	109	
441	110	368	
365	127	126	
437	365	126	
487	425	184	
483	185	427	
452	444	186	
458	186	444	
443	197	309	
482	309	197	
444	197	443	
469	197	444	
489	200	477	
490	479	201	
458	443	235	
478	477	237	
484	478	237	
480	238	479	
485	238	480	
489	478	242	
483	442	249	
635	328	254	
758	254	328	
634	329	255	
760	255	329	
483	427	283	
483	283	442	
452	284	444	
469	444	284	
487	306	425	
458	444	443	
489	477	478	
490	480	479	
