#Nombre de noeuds
1567

#Coordonnees des noeuds
1.0	0.0	0.0	
0.0	1.0	0.0	
0.0	-1.0	0.0	
-1.0	0.0	0.0	
0.998795456199	0.0490676744453	0.0	
0.99518472665	0.0980171405549	0.0	
0.989176509912	0.14673047481	0.0	
0.980785280303	0.195090322521	0.0	
0.970031253035	0.242980180539	0.0	
0.9569403355	0.290284678019	0.0	
0.941544064859	0.336889854297	0.0	
0.923879532078	0.382683433412	0.0	
0.903989292578	0.427555094584	0.0	
0.881921263684	0.471396738068	0.0	
0.857728609214	0.514102745504	0.0	
0.831469611359	0.555570234431	0.0	
0.803207530375	0.595699305983	0.0	
0.773010452073	0.634393285736	0.0	
0.740951123886	0.671558956467	0.0	
0.707106779548	0.707106782826	0.0	
0.671558953238	0.740951126813	0.0	
0.634393282633	0.773010454619	0.0	
0.595699303061	0.803207532542	0.0	
0.555570231628	0.831469613232	0.0	
0.514102742812	0.857728610828	0.0	
0.471396735526	0.881921265043	0.0	
0.427555092206	0.903989293703	0.0	
0.382683431238	0.923879532978	0.0	
0.336889852361	0.941544065552	0.0	
0.290284676366	0.956940336002	0.0	
0.242980179189	0.970031253373	0.0	
0.195090321416	0.980785280523	0.0	
0.146730473984	0.989176510035	0.0	
0.0980171400315	0.995184726702	0.0	
0.0490676742035	0.998795456211	0.0	
-0.0490676744453	0.998795456199	0.0	
-0.0980171405549	0.99518472665	0.0	
-0.14673047481	0.989176509912	0.0	
-0.195090322521	0.980785280303	0.0	
-0.242980180539	0.970031253035	0.0	
-0.290284678019	0.9569403355	0.0	
-0.336889854297	0.941544064859	0.0	
-0.382683433412	0.923879532078	0.0	
-0.427555094584	0.903989292578	0.0	
-0.471396738068	0.881921263684	0.0	
-0.514102745504	0.857728609214	0.0	
-0.555570234431	0.831469611359	0.0	
-0.595699305983	0.803207530375	0.0	
-0.634393285736	0.773010452073	0.0	
-0.671558956467	0.740951123886	0.0	
-0.707106782826	0.707106779548	0.0	
-0.740951126813	0.671558953238	0.0	
-0.773010454619	0.634393282633	0.0	
-0.803207532542	0.595699303061	0.0	
-0.831469613232	0.555570231628	0.0	
-0.857728610828	0.514102742812	0.0	
-0.881921265043	0.471396735526	0.0	
-0.903989293703	0.427555092206	0.0	
-0.923879532978	0.382683431238	0.0	
-0.941544065552	0.336889852361	0.0	
-0.956940336002	0.290284676366	0.0	
-0.970031253373	0.242980179189	0.0	
-0.980785280523	0.195090321416	0.0	
-0.989176510035	0.146730473984	0.0	
-0.995184726702	0.0980171400315	0.0	
-0.998795456211	0.0490676742035	0.0	
-0.998795456199	-0.0490676744453	0.0	
-0.99518472665	-0.0980171405549	0.0	
-0.989176509912	-0.14673047481	0.0	
-0.980785280303	-0.195090322521	0.0	
-0.970031253035	-0.242980180539	0.0	
-0.9569403355	-0.290284678019	0.0	
-0.941544064859	-0.336889854297	0.0	
-0.923879532078	-0.382683433412	0.0	
-0.903989292578	-0.427555094584	0.0	
-0.881921263684	-0.471396738068	0.0	
-0.857728609214	-0.514102745504	0.0	
-0.831469611359	-0.555570234431	0.0	
-0.803207530375	-0.595699305983	0.0	
-0.773010452073	-0.634393285736	0.0	
-0.740951123886	-0.671558956467	0.0	
-0.707106779548	-0.707106782826	0.0	
-0.671558953238	-0.740951126813	0.0	
-0.634393282633	-0.773010454619	0.0	
-0.595699303061	-0.803207532542	0.0	
-0.555570231628	-0.831469613232	0.0	
-0.514102742812	-0.857728610828	0.0	
-0.471396735526	-0.881921265043	0.0	
-0.427555092206	-0.903989293703	0.0	
-0.382683431238	-0.923879532978	0.0	
-0.336889852361	-0.941544065552	0.0	
-0.290284676366	-0.956940336002	0.0	
-0.242980179189	-0.970031253373	0.0	
-0.195090321416	-0.980785280523	0.0	
-0.146730473984	-0.989176510035	0.0	
-0.0980171400315	-0.995184726702	0.0	
-0.0490676742035	-0.998795456211	0.0	
0.0490676744453	-0.998795456199	0.0	
0.0980171405549	-0.99518472665	0.0	
0.14673047481	-0.989176509912	0.0	
0.195090322521	-0.980785280303	0.0	
0.242980180539	-0.970031253035	0.0	
0.290284678019	-0.9569403355	0.0	
0.336889854297	-0.941544064859	0.0	
0.382683433412	-0.923879532078	0.0	
0.427555094584	-0.903989292578	0.0	
0.471396738068	-0.881921263684	0.0	
0.514102745504	-0.857728609214	0.0	
0.555570234431	-0.831469611359	0.0	
0.595699305983	-0.803207530375	0.0	
0.634393285736	-0.773010452073	0.0	
0.671558956467	-0.740951123886	0.0	
0.707106782826	-0.707106779548	0.0	
0.740951126813	-0.671558953238	0.0	
0.773010454619	-0.634393282633	0.0	
0.803207532542	-0.595699303061	0.0	
0.831469613232	-0.555570231628	0.0	
0.857728610828	-0.514102742812	0.0	
0.881921265043	-0.471396735526	0.0	
0.903989293703	-0.427555092206	0.0	
0.923879532978	-0.382683431238	0.0	
0.941544065552	-0.336889852361	0.0	
0.956940336002	-0.290284676366	0.0	
0.970031253373	-0.242980179189	0.0	
0.980785280523	-0.195090321416	0.0	
0.989176510035	-0.146730473984	0.0	
0.995184726702	-0.0980171400315	0.0	
0.998795456211	-0.0490676742035	0.0	
-0.845655463628	0.231536099203	0.0	
-0.811660991695	0.203712279279	0.0	
-0.853744096488	0.175782350884	0.0	
-0.372767942875	0.608170802011	0.0	
-0.434760813812	0.590684638445	0.0	
-0.410783397087	0.643736776547	0.0	
-0.188497943479	-0.921430151785	0.0	
-0.145862799567	-0.936495512203	0.0	
-0.476821831825	0.326309160703	0.0	
-0.42389509612	0.363707981132	0.0	
-0.42553379023	0.311724725467	0.0	
0.630898837677	-0.719662822876	0.0	
0.627040467894	-0.673697502105	0.0	
0.670716400875	-0.688421560296	0.0	
-0.380384777687	0.319692690337	0.0	
0.750419579103	-0.455422442481	0.0	
0.714194423733	-0.479213955747	0.0	
0.710362898074	-0.430127287222	0.0	
0.592002810469	-0.700766598452	0.0	
0.861182891437	0.437618490898	0.0	
0.862066398984	0.395761793727	0.0	
0.822724801952	0.430691546375	0.0	
0.672300156218	-0.647615383019	0.0	
-0.834816822936	-0.203719570696	0.0	
-0.794372615564	-0.235791024976	0.0	
-0.842445730324	-0.254797262001	0.0	
0.25471538277	-0.903320158676	0.0	
0.307026334146	-0.916327428791	0.0	
0.261391356034	-0.940005204711	0.0	
0.859351705743	-0.413562062045	0.0	
0.893767541523	-0.36989577872	0.0	
-0.612944576974	-0.632657108699	0.0	
-0.579753692193	-0.646935627104	0.0	
-0.621672178035	-0.675670497534	0.0	
0.91998427871	-0.00477116884557	0.0	
0.883325284006	0.0288195476964	0.0	
0.916689586693	0.0504979920693	0.0	
-0.256036429114	0.929861316694	0.0	
0.89344850164	0.0758405771669	0.0	
0.514592473126	0.488281186063	0.0	
0.469137839091	0.48801584001	0.0	
0.480012360611	0.52717238091	0.0	
0.637823024567	0.634271290155	0.0	
0.639847715299	0.57336178918	0.0	
0.589255064502	0.605136919792	0.0	
0.690756753696	0.60318049156	0.0	
0.772885461782	-0.0738214817057	0.0	
0.729516991163	-0.0865391381195	0.0	
0.75666839576	-0.0408447379678	0.0	
-0.614308605955	0.675614227111	0.0	
-0.62141270419	0.728005709813	0.0	
-0.5714534592	0.715810128069	0.0	
-0.292960268276	0.519661971276	0.0	
-0.280962305574	0.469303037515	0.0	
-0.323024546443	0.472747149876	0.0	
-0.586409723934	0.762925026639	0.0	
-0.85676684349	-0.0220001226696	0.0	
-0.809406826318	0.000838086053313	0.0	
-0.804151238643	-0.0477132538137	0.0	
-0.752920682092	-0.012221486538	0.0	
-0.322812476754	0.376799222243	0.0	
-0.365824863858	0.406283348969	0.0	
-0.334606867635	0.428165799987	0.0	
0.240573809166	-0.687620008054	0.0	
0.298793027811	-0.692978983846	0.0	
0.265398799496	-0.726713080178	0.0	
0.902710190397	0.118667569257	0.0	
0.849176022054	0.110437108717	0.0	
0.880006569475	0.149022272253	0.0	
-0.216714396713	-0.954017846153	0.0	
-0.252931577967	-0.943926028626	0.0	
-0.2303519905	-0.917151472632	0.0	
-0.363151310391	0.364021401561	0.0	
-0.543700507456	0.790058041705	0.0	
-0.453774156191	0.644228948104	0.0	
0.712241994553	-0.382271492434	0.0	
0.744041551445	-0.405849192271	0.0	
0.252009111038	-0.652773047307	0.0	
0.40007235697	-0.837292909489	0.0	
0.36184561376	-0.888766951929	0.0	
0.352566973955	-0.835036095598	0.0	
0.838628430972	0.157443793214	0.0	
-0.957910873342	-0.154032187821	0.0	
-0.912462523831	-0.142780097775	0.0	
-0.929865095272	-0.202785627627	0.0	
-0.805726030007	0.0469020904055	0.0	
-0.841165844282	0.0852224558008	0.0	
-0.798348194807	0.0919105518658	0.0	
-0.382852106361	0.559329897019	0.0	
0.416017405632	-0.871572072698	0.0	
-0.271028654182	-0.520212855743	0.0	
-0.31602384623	-0.538903451774	0.0	
-0.323213268501	-0.494956262453	0.0	
0.810224986245	0.0736402876816	0.0	
0.799202408026	0.108509085784	0.0	
-0.68222107931	0.20676089725	0.0	
-0.682861202687	0.1604887145	0.0	
-0.72337033047	0.180322070928	0.0	
0.281027169044	0.856142280988	0.0	
0.330653624674	0.898170993213	0.0	
0.324363161171	0.837132957301	0.0	
0.272826222626	0.904130724639	0.0	
0.494929969478	0.762984222836	0.0	
0.44917644036	0.736478498856	0.0	
0.456212247682	0.780711733668	0.0	
0.415911289677	0.76424713252	0.0	
-0.479614123476	-0.231401894542	0.0	
-0.525750112792	-0.195694493232	0.0	
-0.475760893051	-0.178266314105	0.0	
-0.827485133623	0.123247136721	0.0	
-0.797087879652	0.145409042368	0.0	
-0.629304223998	-0.584709561648	0.0	
-0.665862753707	-0.597949052568	0.0	
-0.673243730246	-0.546924878384	0.0	
-0.757320626994	0.104444659443	0.0	
0.2935899085	-0.878382104909	0.0	
0.248507365377	-0.844973582532	0.0	
0.312068873047	-0.82678961555	0.0	
0.284264759425	0.768590305662	0.0	
0.325870821817	0.793425517521	0.0	
0.329898948818	0.734445376032	0.0	
0.292984978446	0.811270539869	0.0	
0.372074397085	0.72795061309	0.0	
0.343492223433	0.691665823891	0.0	
0.389058894245	0.688112420927	0.0	
-0.516083831632	0.54854812128	0.0	
-0.462286949774	0.540715270373	0.0	
-0.503136834059	0.492117963884	0.0	
-0.796658365091	-0.122457442968	0.0	
-0.735192528091	-0.106255002491	0.0	
-0.763104184881	-0.151760925928	0.0	
0.172593458723	-0.788811306077	0.0	
0.142380956253	-0.737895226442	0.0	
0.201973400914	-0.754632580271	0.0	
-0.512510975293	-0.147995180185	0.0	
0.192915722131	-0.832449787821	0.0	
0.226489569598	-0.799834160212	0.0	
0.207086252964	-0.87487336128	0.0	
-0.307074769303	0.617839587062	0.0	
-0.308873020378	0.661114983702	0.0	
-0.263524194124	0.665017454443	0.0	
-0.259996697989	-0.87812230443	0.0	
-0.277893582303	-0.910188582959	0.0	
-0.313206370477	-0.884044140871	0.0	
-0.0198828030319	0.958336067704	0.0	
-0.0724312458519	0.950565590498	0.0	
-0.701567957216	-0.566512721507	0.0	
0.136671463109	-0.905585931861	0.0	
0.130710601971	-0.953351595387	0.0	
0.0828616299367	-0.93035345431	0.0	
0.133319658699	-0.816763256645	0.0	
0.158778784042	-0.858698185672	0.0	
0.930573193132	0.258172638391	0.0	
-0.456669413172	0.479384031491	0.0	
0.938185896572	0.0817573439547	0.0	
0.971566396351	0.0659735388138	0.0	
-0.538902362076	-0.454048151375	0.0	
-0.552012787734	-0.493774510184	0.0	
-0.587962813069	-0.451067919316	0.0	
-0.807072073395	-0.4656164641	0.0	
-0.770299816892	-0.43998754945	0.0	
-0.768624205721	-0.505974497942	0.0	
-0.572919785264	0.633337905049	0.0	
-0.524785109864	0.639887649539	0.0	
-0.531060666805	0.593637069464	0.0	
0.948553320007	0.132212307511	0.0	
-0.48281263575	0.570426644122	0.0	
-0.717205690156	0.129931345391	0.0	
0.260218257753	-0.384685346838	0.0	
0.213875651572	-0.410851877231	0.0	
0.216024365074	-0.366503583109	0.0	
0.223870899054	0.921609867025	0.0	
0.168276140734	0.922742987508	0.0	
-0.423110241894	-0.662929753669	0.0	
-0.466268047863	-0.693095859595	0.0	
-0.453975247753	-0.643386483754	0.0	
-0.59897964578	-0.509541063354	0.0	
-0.500541497223	-0.670991007793	0.0	
0.856830464949	0.333103419158	0.0	
0.826205122435	0.376345900763	0.0	
0.458322157742	-0.623636692741	0.0	
0.484376485884	-0.566426602197	0.0	
0.504631608238	-0.622809546475	0.0	
0.894263697265	-0.317260461832	0.0	
-0.546600577774	-0.412254900404	0.0	
0.43781138869	-0.590771391211	0.0	
0.736713890611	0.464289367162	0.0	
0.770474889787	0.496937365552	0.0	
0.769301538125	0.448854395167	0.0	
-0.631897272305	0.225831154048	0.0	
-0.671480480258	0.254814151059	0.0	
-0.327007134193	-0.733929721411	0.0	
-0.273300454048	-0.738121751162	0.0	
-0.315008915043	-0.780785387725	0.0	
0.803814033914	0.473792554686	0.0	
-0.828940294164	-0.424378490789	0.0	
-0.773404254014	-0.394491353111	0.0	
-0.112505627467	-0.952270109429	0.0	
0.29668162124	-0.746862471578	0.0	
0.334337579626	-0.728765143279	0.0	
0.273981644465	0.67642559124	0.0	
0.298953319863	0.709423162048	0.0	
0.313171198071	0.648582126589	0.0	
-0.857464151694	0.288620366338	0.0	
-0.886719630066	0.232632926379	0.0	
0.908311270723	0.32573958275	0.0	
0.891386744148	0.293594822222	0.0	
0.459976141923	0.37248076764	0.0	
0.492631338776	0.407345642726	0.0	
0.503632604424	0.368447664175	0.0	
-0.33567303925	0.893787799734	0.0	
-0.3383089502	0.838420922448	0.0	
-0.378204675308	0.878301239339	0.0	
-0.380210695517	0.815885922027	0.0	
0.447864721019	0.423004789554	0.0	
-0.934446162248	0.22771830889	0.0	
-0.95640905787	0.176987092159	0.0	
0.710534433911	-0.0493839720919	0.0	
0.812556960763	0.200296578961	0.0	
0.87295179996	0.190202703722	0.0	
-0.259832028735	-0.788524152199	0.0	
0.797709746312	0.153254057034	0.0	
0.250139627218	-0.758332578876	0.0	
0.148212156039	0.96502903321	0.0	
-0.0515797685582	-0.543927734845	0.0	
-0.0772243911711	-0.499311533327	0.0	
-0.0240955571985	-0.506629507004	0.0	
-0.588187297154	-0.392441491245	0.0	
-0.904067817591	0.178596608996	0.0	
0.106222302971	-0.45155202459	0.0	
0.158403228446	-0.459630002419	0.0	
0.130055705486	-0.511133714039	0.0	
0.462495977777	-0.265357279422	0.0	
0.474222780478	-0.313702969163	0.0	
0.429924722075	-0.302525092668	0.0	
0.171474924489	-0.350419390112	0.0	
0.176057315487	-0.389599897964	0.0	
0.510490421003	-0.285676516961	0.0	
-0.338004244711	0.790480000739	0.0	
-0.299441619017	0.795160215827	0.0	
0.209423538793	-0.327095657798	0.0	
0.912217755054	0.166477942481	0.0	
0.958903267429	0.0231597609899	0.0	
0.181090137709	-0.424422813132	0.0	
0.141399827511	-0.415027117177	0.0	
0.529837741818	-0.338934569019	0.0	
-0.0330713765835	-0.594418149261	0.0	
-0.0753634503615	-0.576886299353	0.0	
0.68412529299	-0.527982418059	0.0	
0.660337673764	-0.487813185684	0.0	
-0.548412818494	0.676251918254	0.0	
0.0630941722957	0.964256690882	0.0	
0.023670470922	0.970801814627	0.0	
-0.807393674182	-0.165873345521	0.0	
-0.85398683204	-0.146724170014	0.0	
0.223636548375	-0.932919520479	0.0	
-0.0704412846087	-0.63273662283	0.0	
-0.0441751361079	-0.470175245554	0.0	
-0.114267219319	-0.620047956814	0.0	
-0.112625415603	-0.577818095034	0.0	
-0.635141898524	0.171557290162	0.0	
-0.586889384302	0.196184063518	0.0	
-0.586342388167	0.160835819788	0.0	
-0.893324586402	-0.0868258818298	0.0	
-0.874157554926	-0.117397504612	0.0	
-0.92888527529	-0.106085612514	0.0	
0.529111536001	-0.51602204275	0.0	
0.574902715654	-0.479520122754	0.0	
0.582989811057	-0.529395397104	0.0	
0.620688779084	-0.49416732419	0.0	
-0.20894801793	0.688366208756	0.0	
-0.164732466719	0.651834534803	0.0	
-0.212090502272	0.636373496908	0.0	
0.477982938546	0.14152791707	0.0	
0.450559522136	0.166146923638	0.0	
0.502075729926	0.188417715981	0.0	
0.53446591548	0.339596504978	0.0	
0.492789094242	0.325379458943	0.0	
0.707153127928	0.198383956292	0.0	
0.762560838551	0.20717349274	0.0	
0.742941523042	0.158420669112	0.0	
-0.605867394849	-0.134403918901	0.0	
-0.562791982495	-0.168234516277	0.0	
-0.61887361083	-0.184887925262	0.0	
-0.336925180756	-0.692506972625	0.0	
-0.344310111256	-0.647248216297	0.0	
-0.299923843666	-0.66747819191	0.0	
-0.380497725216	-0.675199052591	0.0	
-0.777458835474	0.239053202766	0.0	
-0.813601152551	0.257441262799	0.0	
-0.25581501174	0.806827740435	0.0	
-0.276769037316	0.756922257552	0.0	
0.553405575745	0.523376352065	0.0	
0.565404423655	0.479197578801	0.0	
0.680297976133	-0.104725871669	0.0	
0.719286403861	-0.146485951587	0.0	
-0.899016304602	0.332266992537	0.0	
0.53544969557	0.622501957823	0.0	
0.491624136115	0.579381881673	0.0	
0.474809225814	0.643693064017	0.0	
0.7653871388	0.126652792049	0.0	
0.725401791082	0.113815183629	0.0	
0.6849869219	0.148878581607	0.0	
-0.231476378209	0.761963265928	0.0	
0.0793759238411	-0.725872714874	0.0	
0.0989962314067	-0.693889008102	0.0	
-0.221452492858	-0.707716438518	0.0	
-0.178678924157	-0.676104674837	0.0	
-0.179169387474	-0.736859083195	0.0	
0.436961399174	0.604938812455	0.0	
-0.132902994864	-0.708272273843	0.0	
0.960815812235	-0.107782284674	0.0	
0.149164944942	-0.681698179912	0.0	
0.699426055852	-0.591474580154	0.0	
0.717754835504	-0.649959147259	0.0	
-0.248269950494	0.508820373439	0.0	
-0.209752700809	0.558051631245	0.0	
-0.20138431568	0.506373172257	0.0	
-0.167203839887	0.539140331776	0.0	
0.4353291621	-0.667899032753	0.0	
0.453715025402	-0.707824506958	0.0	
0.407366796285	-0.714712282394	0.0	
-0.160148904211	0.498736890197	0.0	
-0.186163187846	0.465792983797	0.0	
0.479602913803	-0.671889107759	0.0	
0.230729668959	-0.725441763776	0.0	
0.91586655503	-0.170529195514	0.0	
0.898704635519	-0.205211033498	0.0	
0.863698314908	-0.148318688995	0.0	
0.753180956428	-0.591435386953	0.0	
0.856323789592	0.0604281287002	0.0	
0.798517626524	-0.466064320167	0.0	
0.766385927456	-0.496416068838	0.0	
0.782465745213	-0.412425159117	0.0	
0.852175421657	-0.203957011937	0.0	
-0.916987715564	0.141185831283	0.0	
-0.949412732113	0.082397108266	0.0	
-0.957319515383	0.137011116704	0.0	
-0.229450373811	0.471235086255	0.0	
-0.890722888489	0.0872191318625	0.0	
0.817524808228	-0.418666838929	0.0	
-0.514968204293	-0.0494249173945	0.0	
-0.575139882183	-0.0306715651848	0.0	
-0.535334842444	0.0129095338644	0.0	
-0.407954463693	-0.565363647955	0.0	
-0.411452138323	-0.508128210073	0.0	
-0.365577481974	-0.529414868764	0.0	
-0.412225487372	0.781856811293	0.0	
-0.438006429506	0.823328702698	0.0	
-0.417129462811	0.863113885899	0.0	
-0.821487917113	0.492571387872	0.0	
-0.845611118481	0.452857768385	0.0	
0.382122783671	0.390418878197	0.0	
0.336207048759	0.37861478585	0.0	
0.3494384895	0.421813695008	0.0	
0.591634372267	-0.339357963704	0.0	
0.622884923199	-0.390887610557	0.0	
0.56935471365	-0.38004554645	0.0	
-0.456999997096	-0.544131474269	0.0	
-0.546586794903	-0.0772873358704	0.0	
-0.385620204233	-0.476131418065	0.0	
0.20766669007	0.728172548768	0.0	
0.16348789585	0.730445002303	0.0	
0.192348720616	0.783882924166	0.0	
-0.117861466652	-0.66006541266	0.0	
-0.092514430901	-0.704779071346	0.0	
0.153041272774	-0.567260331189	0.0	
0.195329837069	-0.60541777723	0.0	
0.151854125546	-0.632746532995	0.0	
0.202338765221	-0.658012630548	0.0	
0.128590157298	0.784518483735	0.0	
0.339324648225	-0.783461454326	0.0	
-0.445827770693	0.413617789592	0.0	
-0.479706013734	0.38664338652	0.0	
-0.404316978347	0.412737237066	0.0	
0.243486552268	-0.618446959535	0.0	
0.291555072347	-0.634168567442	0.0	
0.612070311642	-0.576022960601	0.0	
0.545910507858	-0.568361547566	0.0	
0.10599865527	-0.651722631805	0.0	
0.107346111541	-0.6025360477	0.0	
0.279481732861	-0.796833609114	0.0	
0.646819022899	-0.341490865071	0.0	
-0.147094969678	0.783972838261	0.0	
-0.126967205336	0.823541425705	0.0	
-0.0984735975412	0.78284698315	0.0	
-0.63129036886	0.615566476151	0.0	
-0.589855041669	0.584501342782	0.0	
0.240745976474	-0.571727048091	0.0	
0.230569146672	-0.521502350295	0.0	
0.284698691896	-0.541233453963	0.0	
0.274496203786	-0.488319061574	0.0	
-0.395525315535	-0.846174185946	0.0	
-0.367103987791	-0.891596502318	0.0	
-0.434442793378	-0.366153389084	0.0	
-0.404381369775	-0.418631846591	0.0	
-0.46624745077	-0.40373503361	0.0	
0.363486021971	-0.691925757412	0.0	
0.339633353567	-0.660160954068	0.0	
-0.717530843088	-0.370105692438	0.0	
-0.76543122087	-0.337121480534	0.0	
-0.699777900054	-0.336227336351	0.0	
-0.452178104366	-0.845600391305	0.0	
0.812796853509	-0.080481120171	0.0	
0.819503346335	-0.126488811752	0.0	
0.7807918423	-0.124620279566	0.0	
-0.683233867079	-0.29248492968	0.0	
-0.643244155793	-0.321704120691	0.0	
-0.449059554895	-0.46164679604	0.0	
-0.00547561952855	0.693395915162	0.0	
-0.0631028426373	0.703042429268	0.0	
-0.0144279844408	0.732584924143	0.0	
-0.87474241312	0.137216798647	0.0	
0.132646362291	0.576690585789	0.0	
0.0866296323649	0.592620115007	0.0	
0.113152737167	0.632077150676	0.0	
-0.0548490069036	0.758827532057	0.0	
0.95361146114	-0.0237576731418	0.0	
0.326055228462	-0.508624421264	0.0	
0.315572838285	-0.454535350752	0.0	
0.366605387224	-0.479739369202	0.0	
0.337238504283	-0.558932089058	0.0	
0.239231220255	0.570977566972	0.0	
0.187360939748	0.574036933884	0.0	
0.213134283521	0.624409283398	0.0	
0.844050591175	-0.0960077451212	0.0	
-0.0574108998598	0.819351313391	0.0	
-0.010588572196	0.791977159954	0.0	
-0.355825452694	-0.58456389746	0.0	
-0.38975452586	-0.623240603091	0.0	
0.167049992701	0.626586854962	0.0	
-0.902523001558	-0.0453101425846	0.0	
-0.944442667055	-0.0752007461742	0.0	
0.574744887992	-0.658551515258	0.0	
0.521367227979	-0.673337210593	0.0	
0.541970153399	-0.629517981037	0.0	
0.0819921875486	0.552588150317	0.0	
-0.722290138783	-0.464566316808	0.0	
-0.717882038178	-0.521471141798	0.0	
0.0653925339989	-0.62889463934	0.0	
0.0653477311944	-0.676654654073	0.0	
-0.682338289378	-0.495312950444	0.0	
0.181726724128	-0.944419841928	0.0	
0.172004398228	-0.89071129127	0.0	
0.0352127399216	-0.898275210371	0.0	
-0.00517060726395	-0.912229756746	0.0	
-0.0102565973379	-0.854601871317	0.0	
0.544306447778	0.00384059793973	0.0	
0.503355770733	0.0247415967544	0.0	
0.545929220557	0.049492809509	0.0	
-0.0437489234527	-0.906242469112	0.0	
-0.556055154271	0.555812701633	0.0	
0.824338599459	0.0120904219461	0.0	
-0.453421424819	0.265936332089	0.0	
-0.412381631609	0.242531683662	0.0	
-0.449559171889	0.215024904961	0.0	
-0.686390480775	0.545799766965	0.0	
-0.679450683017	0.596750169549	0.0	
-0.639488918538	0.560840902919	0.0	
-0.292380016518	0.914047811213	0.0	
0.350064187576	-0.615053096184	0.0	
0.748875057293	0.574904771449	0.0	
0.741695510408	0.620392860943	0.0	
0.69319605898	-0.252909454201	0.0	
0.739343886605	-0.240760112982	0.0	
0.721562294325	-0.293840088339	0.0	
-0.537522508833	0.173417047598	0.0	
-0.49400433281	0.434820064962	0.0	
-0.214889051069	-0.617864837332	0.0	
-0.26109172175	-0.640730078399	0.0	
-0.264776399541	-0.576740049774	0.0	
-0.230451354519	-0.664706214276	0.0	
0.315359694218	-0.409310209621	0.0	
0.261092630357	-0.434156214709	0.0	
-0.557309392181	0.126434055945	0.0	
0.523971727563	0.667369000765	0.0	
0.581569976677	0.658972334618	0.0	
0.552592300549	0.706145471444	0.0	
-0.660220663114	-0.263386284883	0.0	
-0.70276273689	-0.251773787932	0.0	
0.374006891344	0.855589823675	0.0	
0.430057969945	0.863449843614	0.0	
0.420294021611	0.817824002311	0.0	
0.782629645282	0.393101053115	0.0	
-0.00354336763357	-0.468700744511	0.0	
0.0230499638827	-0.51194713304	0.0	
0.651485211603	0.287227707464	0.0	
0.60723055104	0.300029181741	0.0	
0.637017201201	0.330620503205	0.0	
0.588553887161	0.355642790836	0.0	
0.169724712465	-0.310295724106	0.0	
0.135110393778	-0.331629753746	0.0	
0.394817990635	0.887067867389	0.0	
-0.484189963715	-0.351313657961	0.0	
0.584332252304	0.0145414749296	0.0	
0.569828353889	-0.0489486378349	0.0	
0.623395712181	-0.0206017299448	0.0	
-0.885649075189	-0.194924374486	0.0	
-0.895252046354	-0.246162599602	0.0	
-0.688272002997	-0.411941597281	0.0	
-0.685896730336	-0.449710757373	0.0	
-0.727008331906	-0.424571438969	0.0	
-0.594442118966	0.529301759995	0.0	
-0.641535384837	0.507979915233	0.0	
-0.660926677557	0.121026662945	0.0	
-0.683061211926	0.0781673650022	0.0	
0.213206711579	-0.463626121281	0.0	
0.179879864442	-0.516054116636	0.0	
0.196525437329	-0.558405824358	0.0	
-0.0250529102349	-0.800860486193	0.0	
-0.0613936965886	-0.854643843225	0.0	
-0.645296077216	-0.475985705716	0.0	
-0.640921326489	-0.423127394559	0.0	
0.912282282972	0.222811888198	0.0	
0.846604735027	0.234767546089	0.0	
0.869032362444	0.266237644615	0.0	
-0.253285243147	0.720710182156	0.0	
-0.213832495174	0.726123509318	0.0	
-0.295756200537	0.70956632846	0.0	
-0.324839771244	0.747305812504	0.0	
-0.029898810763	0.920959281426	0.0	
0.0260733111426	0.932620858336	0.0	
0.00655292225738	0.896387630656	0.0	
-0.587051931088	0.295455185605	0.0	
-0.566371371881	0.351130808461	0.0	
-0.532063680939	0.31110248182	0.0	
-0.51406518331	0.357716968279	0.0	
-0.979827358536	-0.0500356490344	0.0	
0.498331585621	-0.731793326444	0.0	
0.549676746846	-0.710747257539	0.0	
0.387085235537	-0.658787592564	0.0	
-0.947654707068	-0.0249609343754	0.0	
0.619756802751	-0.628993649706	0.0	
-0.578004115251	-0.269332572425	0.0	
-0.523332536473	-0.254325605693	0.0	
-0.522428490516	-0.308372076949	0.0	
-0.555859349086	-0.118730970612	0.0	
-0.603186362665	-0.0753789263841	0.0	
0.31712603406	0.49650815489	0.0	
0.360844822055	0.465319841101	0.0	
0.313066924783	0.450472706411	0.0	
-0.72359381917	-0.21355091234	0.0	
-0.716554172895	-0.16189228325	0.0	
-0.66843401102	-0.205244101133	0.0	
-0.649423265992	-0.105447913759	0.0	
-0.710926025452	0.371802774983	0.0	
-0.681900989538	0.329642845919	0.0	
-0.734624420254	0.324201542213	0.0	
-0.711991797098	0.286024533149	0.0	
-0.66336202768	0.381611928993	0.0	
-0.629660331987	0.33404149456	0.0	
-0.818969283798	0.358179836136	0.0	
-0.78271615574	0.32646383491	0.0	
-0.815819994167	0.306560455535	0.0	
-0.765309590721	0.361877864131	0.0	
-0.520144362425	0.714751105356	0.0	
0.631814399549	0.736827063991	0.0	
0.583924621201	0.751426617403	0.0	
-0.0747139184421	-0.44397329444	0.0	
-0.115565066631	-0.466000437683	0.0	
-0.657764472683	-0.15305642838	0.0	
-0.161211956953	0.597323631709	0.0	
0.392485218243	-0.577250436584	0.0	
0.140092749007	0.678809504164	0.0	
-0.30107866294	-0.832038245739	0.0	
-0.34676386493	-0.849947794858	0.0	
0.293515594884	-0.593386312499	0.0	
-0.0697478493716	0.563888949225	0.0	
-0.0442587134743	0.53495632562	0.0	
-0.0867607502653	0.517222342824	0.0	
-0.73806984177	0.538232939491	0.0	
-0.709232537148	0.572492407307	0.0	
0.892500014521	-0.122642274701	0.0	
0.955680731651	-0.147206534404	0.0	
-0.756994120864	0.583720628387	0.0	
-0.725501479996	0.619675650046	0.0	
-0.239149438731	-0.830217976852	0.0	
0.921026931994	-0.0939688021456	0.0	
-0.0512657608028	-0.721914283494	0.0	
-0.0607673001316	-0.679349322759	0.0	
-0.0128014561207	-0.696844704878	0.0	
0.161342525207	0.82728005117	0.0	
0.465095074753	-0.474764442923	0.0	
0.439081577398	-0.50852943666	0.0	
0.415913855672	-0.464448825591	0.0	
0.687390999252	0.660576905275	0.0	
0.476869006931	-0.516787231277	0.0	
-0.242257225598	0.882323561979	0.0	
-0.0475626498965	0.500305739206	0.0	
0.487450231837	0.828186499687	0.0	
0.743656543837	0.535952131005	0.0	
0.784801829097	0.544039546016	0.0	
0.306650066777	0.40925409603	0.0	
0.521374169376	-0.401800346332	0.0	
0.476468738391	-0.365924342729	0.0	
-0.0976405821556	0.597777894354	0.0	
-0.117204784046	0.554205270858	0.0	
0.952174400214	0.184383852677	0.0	
0.931128191359	-0.250427605458	0.0	
0.883000063216	-0.255087032009	0.0	
0.833614984064	-0.241254442092	0.0	
0.807671000901	-0.206579040304	0.0	
-0.610643026014	0.391602002804	0.0	
-0.639157539079	0.441685038793	0.0	
0.705756361576	0.282431788017	0.0	
0.672971442144	0.238950912624	0.0	
0.690039516165	0.33802258527	0.0	
-0.694788161343	0.420170529826	0.0	
-0.528166097438	0.078634100194	0.0	
-0.479471999161	0.0440529290993	0.0	
-0.476687087106	0.0911941910269	0.0	
-0.115555302248	0.633235287465	0.0	
-0.520551883892	0.221453500866	0.0	
-0.503613111064	0.270230958715	0.0	
-0.483806419229	0.232358626606	0.0	
0.0856543267481	-0.829557703275	0.0	
0.0933641222883	-0.775867908179	0.0	
0.766147010764	-0.187409676136	0.0	
0.782117780086	-0.230527182779	0.0	
0.0291701274178	-0.95083225186	0.0	
-0.0222901696877	-0.95076419284	0.0	
0.265404331574	0.940107626804	0.0	
0.300330387901	0.929535594104	0.0	
0.677671295387	-0.451125754305	0.0	
0.447836275074	0.323503438577	0.0	
0.48637097327	0.28041739188	0.0	
0.436215753884	0.279478977993	0.0	
0.461612923016	0.249626349122	0.0	
0.668898198553	-0.299863011781	0.0	
0.693411330498	-0.339573150887	0.0	
0.585980339932	0.0697314354645	0.0	
0.629628242812	0.0306795529921	0.0	
0.623776662688	0.0908456746554	0.0	
0.615162617349	-0.29846410881	0.0	
-0.863277325094	-0.224410248489	0.0	
-0.00183414262389	-0.553592860667	0.0	
0.0275349941605	-0.60008909544	0.0	
-0.688571417531	-0.0202685304423	0.0	
-0.709998701847	0.0293812623641	0.0	
-0.729058585843	-0.0540929418207	0.0	
0.616684122851	0.484664690245	0.0	
0.678087523261	0.457232453046	0.0	
0.618786330706	0.444020018447	0.0	
-0.741771357946	-0.563361450322	0.0	
-0.789713992752	-0.558041208824	0.0	
0.71617220618	0.501421651783	0.0	
0.53051048229	0.439360914814	0.0	
-0.103368905966	0.927926533242	0.0	
-0.11530265263	0.960404508946	0.0	
0.42633600624	-0.795705121323	0.0	
0.472625437506	-0.772316914409	0.0	
0.459066500901	-0.831730413377	0.0	
0.626207312657	-0.0799010297003	0.0	
0.637269544576	-0.129556458182	0.0	
0.666322111433	-0.165870959254	0.0	
-0.317725138093	-0.316518673487	0.0	
-0.303110860238	-0.270173429272	0.0	
-0.282435972987	-0.310865672097	0.0	
-0.590967848507	0.246434690571	0.0	
-0.62849546659	0.274780906643	0.0	
-0.547964879268	0.262304385213	0.0	
0.515062569454	-0.795647423781	0.0	
0.662876337978	0.515572775923	0.0	
-0.356535631097	-0.286962075578	0.0	
-0.765499605392	0.187835813965	0.0	
-0.749759459718	0.145541823408	0.0	
0.497632966872	0.234142626886	0.0	
0.543518500119	0.208728306945	0.0	
0.960401033414	-0.0692125617866	0.0	
-0.387205447723	-0.0344093789272	0.0	
-0.344053498427	-0.0481394537396	0.0	
-0.381940907471	-0.0814154191095	0.0	
-0.617039591619	-0.281468045446	0.0	
-0.619681987862	-0.236551061836	0.0	
0.0745669024227	-0.569391317351	0.0	
0.075027084594	-0.518183597636	0.0	
0.107679637123	-0.554688055503	0.0	
0.516053927931	-0.179950946575	0.0	
0.475708681144	-0.170238980726	0.0	
0.50055192098	-0.137832313261	0.0	
-0.157695491306	-0.494707687501	0.0	
-0.153690154078	-0.550738465601	0.0	
-0.192200963697	-0.514094715009	0.0	
-0.203612430308	-0.559818894208	0.0	
-0.180069550098	-0.587640955843	0.0	
0.366880744825	-0.383400867158	0.0	
0.355340465628	-0.333039694426	0.0	
0.418256574093	-0.348149293372	0.0	
-0.937798592989	-0.255293514031	0.0	
-0.15639349032	-0.614821959124	0.0	
0.448972641885	-0.131198131106	0.0	
-0.306888252155	-0.399294107706	0.0	
-0.253686591311	-0.375522813962	0.0	
-0.272142754476	-0.420375772373	0.0	
0.392296488602	-0.30885238795	0.0	
-0.422764674643	0.530427702409	0.0	
-0.473397062507	-0.29364667036	0.0	
-0.434029546722	-0.256071221983	0.0	
-0.410824865467	-0.313449083096	0.0	
0.0395302463392	-0.55111707521	0.0	
-0.286730902879	-0.345597257163	0.0	
-0.330743275496	-0.35925394959	0.0	
-0.353241514368	-0.398777349746	0.0	
0.539996829939	-0.103592127276	0.0	
0.591688248447	-0.113940237741	0.0	
0.100487628732	-0.353310308963	0.0	
0.100199758529	-0.398137234519	0.0	
0.061545997451	-0.379826146018	0.0	
0.436960696618	0.465128491404	0.0	
0.425506911372	0.514121771218	0.0	
0.398711375144	0.480990833065	0.0	
0.0690990944586	-0.418101953247	0.0	
0.0974531738604	-0.309839246743	0.0	
0.482475822604	0.452190997192	0.0	
0.134398141253	-0.290111046519	0.0	
0.203928351497	-0.288771697554	0.0	
0.245957919544	-0.263868967033	0.0	
0.239917596242	-0.30011630838	0.0	
-0.475107030621	-0.0104118342613	0.0	
0.634031069613	0.151378236591	0.0	
0.595683534309	0.187754815752	0.0	
0.650538179349	0.192955763727	0.0	
0.273055794864	-0.287311080588	0.0	
0.722394663867	0.240469811384	0.0	
0.170213331128	-0.267477434195	0.0	
-0.254044482004	-0.331794090992	0.0	
0.352046162448	-0.289764109859	0.0	
0.30029205528	-0.313066820936	0.0	
-0.0746618179525	0.8998751438	0.0	
-0.378433867242	-0.126610573244	0.0	
-0.426639430507	-0.161640543419	0.0	
-0.410330568344	-0.109063213809	0.0	
0.138668700249	-0.371553267265	0.0	
-0.43430260366	0.0258914546912	0.0	
0.529213519203	0.297340639918	0.0	
-0.458224749878	-0.123446218816	0.0	
0.852870875369	-0.0477081354863	0.0	
0.802380740064	-0.0333604487405	0.0	
-0.0638458665602	-0.950020341922	0.0	
-0.296164095626	-0.1680311397	0.0	
-0.259632647672	-0.194481399147	0.0	
-0.300826605301	-0.216456135815	0.0	
0.326569102387	-0.261799901618	0.0	
0.366448748713	0.346291951962	0.0	
0.412394265742	0.358448332685	0.0	
0.418899758531	0.397625236115	0.0	
0.425819780015	0.241303281044	0.0	
0.393971598806	0.270038632503	0.0	
0.390229878082	0.225010074993	0.0	
-0.503148720755	0.759403550436	0.0	
-0.493286378782	0.820446560777	0.0	
0.109984769068	-0.874922660535	0.0	
0.0712233486658	-0.875923095544	0.0	
-0.537447936766	0.751732142136	0.0	
-0.200753378499	0.809231103504	0.0	
-0.184130702011	0.753221664912	0.0	
-0.34440844795	-0.440534035689	0.0	
0.57372266103	-0.61130452921	0.0	
0.357514590989	0.255657620725	0.0	
0.361860327091	0.301467854922	0.0	
-0.792743883995	0.534448874913	0.0	
-0.789015930316	0.477438264532	0.0	
-0.468674339487	0.722348776752	0.0	
-0.585553448251	-0.32952284009	0.0	
-0.619750115307	-0.368435424996	0.0	
-0.751935207144	0.498500095547	0.0	
0.397667929451	0.314450890562	0.0	
0.605668680567	0.524097028411	0.0	
0.17021750712	-0.220696138961	0.0	
0.17146645636	-0.173241534602	0.0	
0.207586624021	-0.19951780538	0.0	
0.132633592722	-0.194463038819	0.0	
0.244887996803	-0.179412390327	0.0	
0.247480207351	-0.219782131975	0.0	
0.696580094633	0.555884921216	0.0	
0.279025416313	-0.196406464521	0.0	
-0.574331020864	-0.217880618092	0.0	
-0.534261023658	-0.361255670159	0.0	
0.504329156246	0.0711729023432	0.0	
0.542799713587	0.100488365692	0.0	
-0.505907898986	-0.381056920325	0.0	
-0.236804797595	0.84418392246	0.0	
0.473120579634	0.0478471185329	0.0	
0.475508330112	0.0952237039334	0.0	
-0.612571122536	-0.746267457662	0.0	
-0.655054178335	-0.702549649709	0.0	
-0.590498454361	-0.718658560455	0.0	
0.442529478343	0.0720612074558	0.0	
0.40017368592	-0.266455515573	0.0	
0.266068968238	0.47347566116	0.0	
0.276220072417	0.433958690758	0.0	
0.569269134385	0.312350385443	0.0	
0.574423753061	0.272185043668	0.0	
0.373877819844	-0.240298400095	0.0	
0.299451160449	0.365937631616	0.0	
0.26884422583	0.398483169655	0.0	
0.456529975856	0.211060153781	0.0	
0.785081256616	-0.544699984716	0.0	
0.420890922	0.194872921846	0.0	
0.574740301224	0.419883309663	0.0	
0.537906329271	0.386756478875	0.0	
0.23782194111	0.430570075583	0.0	
0.210040837777	0.464645787513	0.0	
0.229090375411	0.384849631425	0.0	
0.639587474003	-0.531628596257	0.0	
0.66167566073	-0.564588823723	0.0	
-0.561962494941	-0.761047028133	0.0	
-0.535498305029	-0.80167370956	0.0	
-0.218954984411	-0.316840534857	0.0	
-0.219876913574	-0.364030423778	0.0	
0.65380227808	-0.601595143425	0.0	
-0.522689415525	-0.718366293438	0.0	
-0.572183639893	-0.684858178434	0.0	
-0.914728882411	-0.298199834982	0.0	
-0.869138598104	-0.291839617957	0.0	
-0.397401086892	0.0615122662752	0.0	
-0.392918658714	0.0131078203748	0.0	
-0.356153614615	0.0460486582119	0.0	
0.344058431884	-0.214001093428	0.0	
0.384375925415	-0.195180748108	0.0	
0.41364791348	-0.222626331046	0.0	
0.290670960734	-0.233037361891	0.0	
0.316995463019	-0.186378097267	0.0	
-0.359824754828	0.0918401110804	0.0	
-0.319657360743	0.120189721765	0.0	
-0.318918694678	0.0721404532741	0.0	
-0.360666371627	0.139767532323	0.0	
0.322609778172	-0.139796004493	0.0	
0.283607662129	-0.158927503403	0.0	
0.354781015824	-0.167640202809	0.0	
0.249214344199	-0.132039161171	0.0	
0.674782697688	0.0512755557629	0.0	
0.210490897606	-0.152774588949	0.0	
0.29256387303	0.320095496799	0.0	
0.330464039773	0.334224754749	0.0	
0.260894123604	0.352857506409	0.0	
-0.22001394007	-0.270865700392	0.0	
-0.182091740154	-0.301493298052	0.0	
-0.254385903725	-0.287290028836	0.0	
-0.257017249555	-0.241000095605	0.0	
0.546911234157	-0.145981628444	0.0	
0.557363884798	-0.183683651423	0.0	
0.327878600432	-0.871610537397	0.0	
-0.40064605744	-0.230487154337	0.0	
-0.352125712963	-0.235488693043	0.0	
-0.38864713648	-0.265286887532	0.0	
-0.468076013077	-0.068662385259	0.0	
-0.431114450455	-0.0754385242207	0.0	
-0.226272402562	-0.419691860772	0.0	
-0.182189164376	-0.391486330331	0.0	
-0.183184970982	-0.345996324998	0.0	
-0.510329142067	-0.097378935597	0.0	
0.432313184994	-0.182847161767	0.0	
0.398148221874	-0.149899416555	0.0	
-0.383102952289	-0.369438299691	0.0	
0.850495099708	-0.378132412983	0.0	
-0.222590071612	-0.223549311971	0.0	
0.539319911805	-0.215738697746	0.0	
0.883348916684	-0.0114625271988	0.0	
0.0951547851169	-0.264286712486	0.0	
0.0569781574814	-0.285772723549	0.0	
0.0606611128196	-0.332716538149	0.0	
0.16401449732	0.450170323537	0.0	
0.182225885084	0.496806047214	0.0	
0.197246935914	0.417200001326	0.0	
0.132573855047	-0.242438206504	0.0	
0.205802059437	-0.244706934	0.0	
-0.963699013881	-0.115169862326	0.0	
0.0936852442832	-0.215483579568	0.0	
-0.105416820771	0.667909300775	0.0	
-0.119767825499	0.700093162065	0.0	
-0.107628652755	0.737321006887	0.0	
0.0545490640269	-0.237321060289	0.0	
-0.27390022114	0.247434247097	0.0	
-0.313529788132	0.220574828731	0.0	
-0.312526008328	0.27587892174	0.0	
-0.350357604023	0.243036293666	0.0	
-0.305921601301	-0.0722662813559	0.0	
-0.30042978901	-0.119970013981	0.0	
-0.337375963311	-0.0951905634133	0.0	
-0.268275202225	-0.0980695141825	0.0	
-0.559493360341	-0.551335442909	0.0	
-0.548116861716	-0.610262055379	0.0	
-0.596697787246	-0.599725380327	0.0	
-0.500993808394	-0.570569411059	0.0	
-0.349892476205	-0.00162404892473	0.0	
-0.428918089665	-0.0236403045088	0.0	
-0.31570741949	0.0242004323005	0.0	
-0.31108719865	-0.0243295771534	0.0	
-0.276562692679	0.00058895541641	0.0	
0.22051447744	0.337241813129	0.0	
0.187617460174	0.369367567847	0.0	
0.144278878701	0.350938577443	0.0	
0.15396674105	0.399072742548	0.0	
-0.515107379649	-0.764032476219	0.0	
-0.478134225265	-0.74854424448	0.0	
0.110806138384	0.379467873266	0.0	
0.362656114111	-0.120734412469	0.0	
0.327589959043	-0.091903530882	0.0	
-0.413326464571	-0.798761762607	0.0	
-0.481963341329	-0.802018989336	0.0	
-0.437669717886	-0.764283590599	0.0	
0.288511847239	-0.112484792733	0.0	
0.815219103524	-0.510166998139	0.0	
0.404172862798	-0.102142573996	0.0	
-0.229581630458	-0.125186649485	0.0	
-0.225320071374	-0.174079300689	0.0	
-0.26394153044	-0.146239955975	0.0	
-0.50463311327	-0.625999218401	0.0	
-0.190766092724	-0.154034042645	0.0	
-0.844836633	-0.468809026921	0.0	
0.79423697607	0.350056278589	0.0	
-0.33827567884	-0.146370475941	0.0	
0.445519859705	0.120157731622	0.0	
0.509333283866	0.113613546184	0.0	
0.411342722665	0.0996114286373	0.0	
0.415159470998	0.147651277243	0.0	
0.379966641684	0.128228525039	0.0	
0.15982238216	0.532387329311	0.0	
0.199515721756	0.538463975584	0.0	
0.227251035247	0.514528898527	0.0	
-0.503610835045	-0.521423322952	0.0	
0.515822270492	-0.0227115492452	0.0	
0.48152953721	-0.0488597210156	0.0	
0.47171711239	-0.000804630671352	0.0	
0.439517916578	-0.026308440824	0.0	
-0.181350305062	0.894155454438	0.0	
-0.212279993133	0.93272100848	0.0	
-0.155965495965	0.939169184429	0.0	
0.946359266946	-0.202946667076	0.0	
-0.0326507717889	-0.43420262521	0.0	
-0.0652418417235	-0.400540398118	0.0	
-0.103856014297	-0.411840922341	0.0	
0.0173710355292	-0.416279165115	0.0	
-0.728536941628	-0.638896443041	0.0	
0.0536427003823	-0.468388488685	0.0	
0.440390635914	0.0239989156477	0.0	
0.405819300125	0.00104985688192	0.0	
0.408303348531	0.0508279115433	0.0	
0.372489453222	0.029053725465	0.0	
0.539654225376	0.788916567004	0.0	
-0.401348919967	0.108892290342	0.0	
-0.445717549058	0.120964348798	0.0	
-0.402774091911	0.15584405637	0.0	
-0.450040866704	0.16801347816	0.0	
0.735782902096	-0.538121860609	0.0	
0.582754307906	-0.254483231075	0.0	
0.63870801794	-0.257079645428	0.0	
0.385119979959	0.176856485844	0.0	
0.561915075919	-0.290946935633	0.0	
-0.363994372906	-0.766119548667	0.0	
-0.396791255993	-0.748119285306	0.0	
0.347473029325	0.158739118961	0.0	
0.352660726189	0.20798134495	0.0	
0.314444363009	0.190385207863	0.0	
0.319702747812	0.239979527299	0.0	
0.280264928513	0.222211641682	0.0	
0.286428790015	0.272019475458	0.0	
0.477433622826	-0.21829511553	0.0	
0.246284371605	0.255332606669	0.0	
0.253224004143	-0.0837068998059	0.0	
0.256827113742	-0.0335725815963	0.0	
0.292684073361	-0.0633708834551	0.0	
0.216767389825	-0.0541128824566	0.0	
0.331617500473	-0.042563149238	0.0	
0.366710052221	-0.0715883923597	0.0	
0.173394567432	-0.125428326084	0.0	
0.13369975423	-0.145615007015	0.0	
-0.687984866159	-0.122710667351	0.0	
-0.557441892759	0.219810789615	0.0	
0.361295223187	0.817226863736	0.0	
-0.239075718363	0.0747000108344	0.0	
-0.238297096341	0.0244503482397	0.0	
-0.279162988884	0.0495559295456	0.0	
-0.198822115692	0.0489941147423	0.0	
-0.355760390424	0.653653629664	0.0	
0.23696432033	0.870985246229	0.0	
-0.758117737426	-0.601098922443	0.0	
-0.354883088346	-0.809410576416	0.0	
-0.208616141882	-0.881484662554	0.0	
0.492610383103	0.702331010291	0.0	
0.843262658288	0.473306117262	0.0	
-0.181980341674	-0.821095700072	0.0	
-0.152516445418	-0.899169687975	0.0	
-0.0994007877108	-0.904306087799	0.0	
-0.34120167752	0.578310535729	0.0	
0.253463058338	0.304637824689	0.0	
0.325095054814	0.288143279033	0.0	
0.801385090984	0.239969414656	0.0	
0.81141991304	0.289087046384	0.0	
-0.207667053815	-0.786527641603	0.0	
0.212278342959	0.288213829605	0.0	
0.178785434102	0.3214108729	0.0	
-0.121579461919	0.484253436003	0.0	
-0.130299607924	0.521802691332	0.0	
-0.151105567835	0.463179737976	0.0	
-0.0573107557931	0.599460642342	0.0	
0.0472852163753	-0.752853992556	0.0	
-0.187987831621	-0.203664719037	0.0	
0.849761717552	-0.292929008875	0.0	
-0.33720072636	0.320105144597	0.0	
0.0936168925004	-0.166303436334	0.0	
0.0944156669242	-0.115631222276	0.0	
0.135579991977	-0.0957410226603	0.0	
0.611666032243	-0.16698656489	0.0	
0.0182118486058	-0.307137323914	0.0	
0.0153460801057	-0.258243122885	0.0	
-0.27879913991	0.14801491449	0.0	
-0.236472669896	0.176219164234	0.0	
-0.238651252037	0.125098814846	0.0	
-0.276293361419	0.198052316281	0.0	
-0.272955133663	-0.0487449037917	0.0	
-0.236597103464	-0.0252547743077	0.0	
-0.233286428043	-0.075586605393	0.0	
-0.19763285155	-0.0522113471333	0.0	
0.338399298795	0.0583295355175	0.0	
0.3420787971	0.108259560793	0.0	
0.375559209478	0.0790477403161	0.0	
0.304021989252	0.0885937212018	0.0	
0.604923437261	0.711657966359	0.0	
0.213454559111	-0.104168826756	0.0	
0.441536502978	-0.386545576857	0.0	
0.413732735251	-0.406903817846	0.0	
0.176206552526	-0.0746971669121	0.0	
-0.210017614063	0.425698054545	0.0	
-0.164214232065	0.427202145169	0.0	
-0.232923916068	0.392984282439	0.0	
-0.254588162846	0.426935121651	0.0	
0.369538694866	0.775540651474	0.0	
-0.198318885214	-0.00208273087555	0.0	
-0.842759007591	0.406160013539	0.0	
-0.166034583091	-0.774325275166	0.0	
-0.436659498838	0.0783938881204	0.0	
0.0993997407952	0.331348442221	0.0	
0.134279350789	0.302761390779	0.0	
0.755979530814	0.264835680993	0.0	
-0.0180760057972	0.577943229832	0.0	
0.00257176045703	0.518049836401	0.0	
-0.0187082244154	0.480904561899	0.0	
-0.298347035962	0.42655187989	0.0	
0.403592290924	-0.0492646505926	0.0	
0.369586265831	-0.0211734987097	0.0	
0.334984064626	0.00792501329263	0.0	
0.296386601284	-0.013620491009	0.0	
0.448543328183	0.556169408712	0.0	
-0.369082371848	0.448736123034	0.0	
0.179334315325	-0.0238949759563	0.0	
0.182899886593	0.0278745519936	0.0	
0.220216689965	-0.003401075605	0.0	
-0.862981652231	-0.0617510354207	0.0	
-0.303592288708	-0.444174776554	0.0	
0.413346741778	0.717051771545	0.0	
-0.836856277431	-0.0932598688278	0.0	
0.760179360184	0.00973073513784	0.0	
0.777322965511	0.0436907653834	0.0	
0.141037935901	0.00693750671316	0.0	
0.260496222541	0.0170269255257	0.0	
0.519261000201	0.532020848184	0.0	
0.544690041233	0.572064110109	0.0	
0.0526381940494	0.310924576216	0.0	
0.0639369900765	0.359520084319	0.0	
0.088780234939	0.281476856441	0.0	
0.238979657102	0.754707919436	0.0	
0.25559856273	0.717527462258	0.0	
0.0281243139696	0.38712322209	0.0	
0.0754022512048	0.406498137127	0.0	
-0.217072531771	0.593942762706	0.0	
-0.261311760635	0.614861837939	0.0	
-0.849825679976	0.330445930384	0.0	
-0.356481831362	0.28728808781	0.0	
-0.764850736312	0.280806923345	0.0	
0.194828070655	-0.70814584246	0.0	
-0.292057570986	0.329290225257	0.0	
0.280964791364	0.531677087505	0.0	
0.335546964747	0.550001929362	0.0	
0.899666733013	0.359254414093	0.0	
0.033301090794	-0.803771114534	0.0	
-0.00292431000549	-0.747392967666	0.0	
-0.909157803896	-0.351832182249	0.0	
-0.870501535929	-0.338804526874	0.0	
-0.828710186096	-0.313189749769	0.0	
-0.730764333649	0.236547769988	0.0	
-0.269604214395	-0.463798916674	0.0	
-0.226270611534	-0.47860029004	0.0	
0.248495267588	0.819365462673	0.0	
-0.772554718396	-0.070492879973	0.0	
0.206436684018	0.832722828658	0.0	
0.039871549626	0.433217994218	0.0	
0.120615652913	0.528534543257	0.0	
0.299051152736	0.579906830513	0.0	
0.085914951301	0.503346377328	0.0	
0.0478758550136	0.520711356611	0.0	
-0.317904625575	0.169902826722	0.0	
0.0282044757955	0.737822480602	0.0	
0.0314155908449	0.797605983447	0.0	
0.0724318630949	0.761875130156	0.0	
0.373269634355	0.515754841826	0.0	
0.543469225767	0.156915306343	0.0	
-0.819059980033	-0.369607534562	0.0	
-0.280023172111	0.0988357370256	0.0	
0.0531091538487	-0.1868418156	0.0	
0.924764771949	-0.290149645846	0.0	
-0.162986558167	0.71930851411	0.0	
-0.496690116684	0.135340847782	0.0	
-0.0209124232774	-0.644964000905	0.0	
-0.659424608776	0.701010858787	0.0	
-0.679309860892	0.654987503488	0.0	
0.0848047923734	0.452836930052	0.0	
0.045998866736	0.482539658866	0.0	
0.30878260269	0.139692825361	0.0	
0.76297710633	-0.296770626569	0.0	
0.801816284472	-0.327398809121	0.0	
0.769556284119	-0.355590488208	0.0	
-0.159681209246	0.834917704919	0.0	
0.268713778653	0.119599466829	0.0	
0.274463542389	0.170794805438	0.0	
0.567413446751	-0.775931261773	0.0	
0.0254586040637	-0.663116961963	0.0	
-0.130151717911	-0.806180655105	0.0	
-0.112850269606	-0.854919978985	0.0	
-0.155016674071	-0.851641102063	0.0	
0.233407714532	0.15077755161	0.0	
0.0958971298037	-0.0649358581939	0.0	
0.0540720592571	-0.0845713770583	0.0	
0.299939470755	0.0375659637857	0.0	
-0.38096846893	-0.182646801352	0.0	
-0.335003053689	-0.188011051122	0.0	
-0.362696439797	0.722312441921	0.0	
-0.371071057641	0.756699450663	0.0	
0.264174914726	0.0680204593592	0.0	
0.0342919809258	0.676034242913	0.0	
0.0869408200561	0.676364466803	0.0	
0.0530348282332	0.629064281704	0.0	
0.440090773576	0.689542066895	0.0	
0.224178244193	0.048040148199	0.0	
-0.0769426631024	-0.804426841378	0.0	
0.228395077138	0.0997363453563	0.0	
0.187032324472	0.0798102846509	0.0	
0.191936020238	0.132192015055	0.0	
0.149468752173	0.112220683378	0.0	
-0.355641142698	0.191808605644	0.0	
0.120846000928	0.430993990169	0.0	
-0.696785886188	-0.674746382712	0.0	
-0.662493955047	-0.651739278167	0.0	
-0.157353062399	0.0200715967785	0.0	
-0.156513085482	-0.0310584866284	0.0	
-0.126168818573	0.884132737973	0.0	
0.573462454603	0.233158774584	0.0	
0.534804830712	0.254436894983	0.0	
-0.906881215414	0.0018304731534	0.0	
-0.201470561504	0.854249957135	0.0	
-0.197983578967	0.099982976722	0.0	
0.057357762252	0.881098560722	0.0	
0.589171078884	0.563952806726	0.0	
0.69566328176	0.394533674395	0.0	
0.732407555413	0.421072533766	0.0	
0.739766752142	0.370325718063	0.0	
-0.153803234939	0.124107120005	0.0	
-0.155631636785	0.071852238777	0.0	
-0.111649823082	0.0950893525589	0.0	
-0.193689391159	-0.103668243463	0.0	
0.1013823525	0.0390814835899	0.0	
0.0985460517641	-0.0129084275028	0.0	
0.0587275051531	0.019241414847	0.0	
-0.149573302484	-0.185763708633	0.0	
-0.146390550051	-0.236297540701	0.0	
-0.184238806233	-0.253478223087	0.0	
0.137871851067	-0.0443628596301	0.0	
-0.54132675385	-0.659523634853	0.0	
0.055886963605	-0.0327420639187	0.0	
-0.232848909686	0.278638772616	0.0	
-0.234201703069	0.228785544766	0.0	
-0.270506368794	0.29113704808	0.0	
0.00389234421304	0.291777490512	0.0	
0.0412614194946	0.261292707372	0.0	
0.016399280426	0.340111431309	0.0	
-0.108578129791	0.147278223435	0.0	
-0.151058536162	0.176553821876	0.0	
-0.196317905052	0.152184901857	0.0	
0.0208040905257	0.104248635585	0.0	
0.0176231976346	0.0518335782871	0.0	
-0.0238755697322	0.084431580796	0.0	
-0.0930930001429	-0.749041172667	0.0	
-0.0265405476938	0.0321724142802	0.0	
-0.451990824473	0.768551185808	0.0	
-0.0718483198847	-0.0404869711443	0.0	
-0.0722706414461	-0.0925298991122	0.0	
-0.114735338936	-0.0607512035708	0.0	
-0.114961000793	-0.111926862477	0.0	
-0.0706278458101	0.0114064351704	0.0	
-0.0285277685732	-0.0203067977833	0.0	
0.799751404731	-0.273000761433	0.0	
0.0150474181005	-0.000269989581547	0.0	
0.0615762894556	0.0711774137964	0.0	
0.0130699440957	-0.0524866122648	0.0	
0.619119032971	0.243784289634	0.0	
-0.0299865888182	-0.0723003830221	0.0	
0.0118482547805	-0.104388880704	0.0	
0.0118848850944	-0.15622750651	0.0	
-0.0301699506418	-0.12449663916	0.0	
-0.0296490505852	-0.176647187048	0.0	
-0.113279332724	0.0423926907601	0.0	
-0.0618637930927	0.169116872957	0.0	
-0.0658428335608	0.116309224701	0.0	
-0.155733984841	-0.0817850179147	0.0	
0.10635083081	0.970681777836	0.0	
0.839730159625	-0.468202339037	0.0	
-0.114482169596	-0.00942850180466	0.0	
0.66403424241	-0.0475780258958	0.0	
-0.152823157004	-0.133813020471	0.0	
-0.707489937397	-0.602013705813	0.0	
0.0764373976972	0.925987551052	0.0	
-0.231287543765	-0.529987851762	0.0	
0.105766093612	0.0916048276584	0.0	
0.1447167345	0.0595871736263	0.0	
0.258501397047	-0.334073227813	0.0	
-0.81787478084	-0.512582231358	0.0	
0.19772323831	0.184635603985	0.0	
0.204078247559	0.237124606701	0.0	
0.239693807853	0.203424053526	0.0	
0.16181916649	0.218669895563	0.0	
0.267187267912	0.623276581936	0.0	
-0.0660695972372	-0.24946881983	0.0	
-0.062515499037	-0.301241746181	0.0	
-0.104660321682	-0.268899218885	0.0	
-0.100883004644	-0.321226165016	0.0	
-0.240000187211	0.339517198802	0.0	
-0.27292524322	0.38162746259	0.0	
-0.706569392423	0.501197211489	0.0	
-0.0690032527121	-0.197172096589	0.0	
-0.0268372160116	-0.228910429287	0.0	
-0.19088484817	0.376706856037	0.0	
-0.111534052591	-0.164837851923	0.0	
0.440069075042	-0.0793011647371	0.0	
0.490850827542	-0.0970802840072	0.0	
0.522246286529	-0.06466575424	0.0	
0.0129432026499	-0.208063954492	0.0	
-0.918840870881	0.292529683393	0.0	
0.366403217246	-0.433507932021	0.0	
0.0531392838972	-0.135905044513	0.0	
-0.0238460767726	-0.280751415987	0.0	
-0.0715525898463	-0.14461731123	0.0	
-0.108096330801	-0.217199038383	0.0	
0.444995093509	-0.750428635755	0.0	
0.392405286723	-0.769856297577	0.0	
-0.34156943269	0.691045726852	0.0	
-0.14748340366	0.229700210554	0.0	
-0.193313861747	0.204067585876	0.0	
-0.104492481966	0.20021666129	0.0	
0.0252737693978	0.157052069374	0.0	
0.0659165776817	0.124463602396	0.0	
-0.0200067325018	0.137152864761	0.0	
0.110239702648	0.144505024427	0.0	
-0.0564048099485	0.221459612851	0.0	
-0.0150776267327	0.189651630062	0.0	
0.0323507268794	0.209802946363	0.0	
0.0714820479568	0.177346278924	0.0	
0.0789318661262	0.230065874373	0.0	
0.125079214076	0.250473035309	0.0	
0.116276167099	0.197782368289	0.0	
0.907978092836	-0.0468628398285	0.0	
0.587342125442	-0.739492287701	0.0	
-0.0079543474154	0.242024024854	0.0	
0.851761235905	-0.341702675876	0.0	
0.169690258209	0.270320112843	0.0	
-0.0686820034007	0.0640170366762	0.0	
0.66958710004	-0.373401180466	0.0	
0.10981847729	0.725865125761	0.0	
0.0170386499193	-0.361071619518	0.0	
-0.0212761689008	-0.332211282431	0.0	
-0.589205752317	0.436696173741	0.0	
-0.141091252528	-0.379304018489	0.0	
-0.141809071556	-0.334045022451	0.0	
-0.0997928042693	-0.367106993586	0.0	
0.308452489167	-0.357410430014	0.0	
-0.147157939739	-0.430678548075	0.0	
-0.186209147003	-0.45022365268	0.0	
0.154678733937	0.165096719824	0.0	
-0.794016593357	0.393888133755	0.0	
-0.360858769594	-0.332925881134	0.0	
-0.0995505198819	0.252762306333	0.0	
-0.143660000678	0.283259828916	0.0	
0.816751061458	0.509502604133	0.0	
-0.0491677847195	0.273513601119	0.0	
-0.0583578249861	-0.354893574935	0.0	
-0.143194785112	-0.287188595872	0.0	
-0.40024173877	0.276891792511	0.0	
-0.0800729968764	0.462570795507	0.0	
-0.0437745739008	0.445658337762	0.0	
-0.119763677892	0.440736015965	0.0	
-0.52650533901	0.404025407102	0.0	
0.6688421961	-0.409402535015	0.0	
0.18787444616	0.679737512858	0.0	
-0.0395221360799	0.323614387384	0.0	
-0.0852994752603	0.356879783294	0.0	
-0.0292685824833	0.372882680554	0.0	
-0.0762565555744	0.406779311019	0.0	
-0.189789124402	0.312166321047	0.0	
0.0143597293951	0.45866701366	0.0	
-0.0182379121941	0.420000653872	0.0	
-0.140262226549	0.339141086655	0.0	
-0.191675066563	0.259294272054	0.0	
-0.131053346567	0.390126579946	0.0	
-0.036070102818	0.669770074444	0.0	
-0.0671930503112	0.644424814756	0.0	
-0.0946078488779	0.306287007671	0.0	
-0.401031962712	0.20471982427	0.0	
-0.4675034949	-0.501588307468	0.0	
-0.501222865326	-0.478899493926	0.0	
-0.386347459119	0.691700408069	0.0	
-0.367193487996	-0.714373152143	0.0	
-0.421177694816	-0.717662165948	0.0	
0.613519858849	0.403915613273	0.0	
0.647433806076	0.371676026507	0.0	
-0.288642581497	0.862154160655	0.0	
-0.736637229687	0.457632720661	0.0	
-0.868853162457	-0.436227124053	0.0	
-0.878409424682	-0.390211484699	0.0	
-0.592033639603	0.480255146201	0.0	
-0.550525455325	0.502870451111	0.0	
0.415632111361	-0.618646327631	0.0	
-0.546468781333	0.454467911872	0.0	
-0.789996798581	-0.281666515132	0.0	
-0.729161415884	-0.290580760217	0.0	
0.602258806043	-0.213604917422	0.0	
0.682532455363	0.0972918683717	0.0	
0.727974365502	0.0593745666809	0.0	
-0.502914426198	-0.432181562197	0.0	
0.750436367861	0.0862395566129	0.0	
-0.298416577197	-0.702682511208	0.0	
0.655679591345	0.707257496474	0.0	
-0.489762042541	0.67362277441	0.0	
-0.441363788848	0.690268054994	0.0	
0.713633299659	0.0269740390298	0.0	
-0.685715536807	0.466121968044	0.0	
0.417368455504	0.648023686001	0.0	
-0.434043875616	-0.206653997762	0.0	
0.391657838069	0.615770354602	0.0	
0.815866813985	-0.370632744642	0.0	
0.0425933224037	-0.854334893907	0.0	
-0.667120805566	-0.381983290517	0.0	
-0.612118135269	0.124785445846	0.0	
-0.638032304328	0.0796652952969	0.0	
-0.10003473047	-0.543919850671	0.0	
0.538734514874	-0.747639169131	0.0	
0.0364640848243	0.576610614852	0.0	
0.730275259176	-0.33414343609	0.0	
0.381431049327	-0.806677358028	0.0	
-0.648244655832	0.0334872946249	0.0	
-0.225407080486	-0.751624595113	0.0	
0.529557135821	0.744052637674	0.0	
-0.75527823882	-0.245277698572	0.0	
-0.856758401556	0.0397603243297	0.0	
0.575877540389	-0.427855860884	0.0	
0.123665137699	0.92429492946	0.0	
0.0970814699926	0.875676437521	0.0	
0.43708440403	-0.548243694549	0.0	
-0.490560729574	0.189447097062	0.0	
0.0645096245726	-0.965407692551	0.0	
0.727804071438	-0.0113128207965	0.0	
0.497009714459	-0.44831940635	0.0	
0.500728890404	-0.482517824748	0.0	
0.692690392375	-0.00785579210663	0.0	
0.63592049624	0.676636480073	0.0	
0.815455850494	-0.165913857515	0.0	
0.533882174345	-0.454949946871	0.0	
0.460177608257	-0.416077699015	0.0	
-0.637797710337	-0.52966524036	0.0	
-0.606137735874	-0.552366246814	0.0	
0.233798953343	0.677240087117	0.0	
-0.0328102029546	0.87222108461	0.0	
0.0323045877628	-0.709938086898	0.0	
0.711010624709	-0.201831780991	0.0	
0.659164880225	-0.215863793826	0.0	
0.394587974488	0.56714111746	0.0	
-0.790916741057	0.435293998151	0.0	
-0.751481285318	0.409175033803	0.0	
-0.255101555694	0.563963844438	0.0	
0.364630033052	0.649243834974	0.0	
0.0660281668695	0.717249578807	0.0	
-0.412510265702	0.467113946899	0.0	
0.660266362688	0.00983722139144	0.0	
-0.375262478941	0.503473232356	0.0	
-0.481077412175	0.619159803413	0.0	
-0.688817560774	-0.0797113111514	0.0	
-0.566291617733	0.409646029011	0.0	
0.136240349131	-0.781118812598	0.0	
-0.412305581424	0.73296316162	0.0	
-0.0857203052771	0.860903709825	0.0	
0.368756856331	-0.735271541334	0.0	
-0.427441454553	-0.616119589949	0.0	
0.1411969545	0.880032621788	0.0	
0.114165725311	0.837604214898	0.0	
-0.0104753100889	0.637870310709	0.0	
0.0648325044186	0.843047027979	0.0	
-0.261839418968	-0.688341515652	0.0	
0.0130264524246	0.840536726559	0.0	
0.752797609568	0.318206806701	0.0	
-0.878706175127	0.373636661868	0.0	
-0.767310929085	-0.20113391374	0.0	
-0.570721525552	0.0491255307446	0.0	
0.876446540858	-0.0809363431659	0.0	
0.0818597107752	0.807981066474	0.0	
0.187691256254	0.882975498715	0.0	
0.38626939888	-0.524534830719	0.0	
-0.306463348836	-0.616913295947	0.0	
-0.0233659259197	-0.386288898779	0.0	
0.652380675766	0.415860532298	0.0	
-0.136993247815	-0.749481418778	0.0	
-0.918479327826	0.0431834207254	0.0	
0.527555930062	-0.251836395367	0.0	
-0.666551237388	0.294198746307	0.0	
0.346673509782	0.606861946456	0.0	
-0.653206885206	-0.0563496508221	0.0	
-0.596227037517	0.013961516648	0.0	
-0.042145541611	-0.76018391683	0.0	
0.399494542775	0.434528113879	0.0	
-0.339012963247	0.53794512327	0.0	
0.628544741552	-0.44820481508	0.0	
0.0900413708453	-0.4862576083	0.0	
-0.456839772415	-0.594949795749	0.0	
-0.0219682325953	0.830367103835	0.0	
0.584373526054	0.128192364794	0.0	
0.0148860877225	0.605672981989	0.0	
-0.771115399979	0.0248562006909	0.0	
-0.760292663276	0.0588435112481	0.0	
-0.590518796686	0.085994242078	0.0	
-0.959105010982	0.020310293495	0.0	
-0.0922323581751	0.821410838761	0.0	
-0.301917957447	0.570001680111	0.0	
0.130913754314	0.481253081554	0.0	
-0.121414029294	-0.511375605917	0.0	
-0.726875684021	0.0804902287667	0.0	
0.656990406966	0.122582218501	0.0	
-0.632994156747	-0.0193134879441	0.0	
-0.61319117775	0.0508452797897	0.0	
-0.311059158322	-0.579815779111	0.0	
0.306101845248	0.614770317545	0.0	
-0.450578074261	-0.333329460279	0.0	

#Nombre de triangles
3004

#Numeros des sommets de chaque triangle
129	130	128	
132	133	131	
135	93	134	
94	93	135	
137	138	136	
140	141	139	
142	138	137	
144	145	143	
146	140	139	
148	149	147	
141	140	150	
152	153	151	
155	156	154	
102	156	155	
158	119	157	
120	119	158	
160	161	159	
163	164	162	
40	39	165	
166	164	163	
168	169	167	
171	172	170	
173	171	170	
175	176	174	
178	179	177	
181	182	180	
183	179	178	
185	186	184	
187	186	185	
189	190	188	
192	193	191	
195	196	194	
166	195	194	
198	199	197	
92	198	197	
200	189	188	
46	201	47	
202	133	132	
204	145	203	
147	12	148	
205	192	191	
207	208	206	
196	195	209	
211	212	210	
214	215	213	
216	132	131	
217	207	206	
219	220	218	
221	222	195	
224	225	223	
227	228	226	
229	227	226	
231	232	230	
233	232	231	
235	236	234	
238	215	237	
240	241	239	
242	215	238	
244	245	243	
154	244	243	
247	248	246	
249	247	246	
251	248	250	
252	251	250	
254	255	253	
257	258	256	
260	261	259	
262	236	235	
263	264	244	
265	263	244	
267	268	266	
270	271	269	
272	273	35	
274	241	240	
276	277	275	
263	279	278	
259	263	278	
9	8	280	
281	255	254	
5	283	282	
285	286	284	
288	289	287	
291	292	290	
249	228	247	
293	5	282	
253	294	254	
295	225	224	
297	298	296	
299	300	31	
30	299	31	
302	303	301	
304	286	285	
305	303	302	
307	148	306	
309	310	308	
158	311	121	
286	312	284	
313	309	308	
315	316	314	
223	318	317	
320	321	319	
322	316	315	
323	288	287	
324	288	323	
94	135	325	
192	326	193	
327	326	192	
329	330	328	
128	332	331	
90	270	91	
9	334	333	
94	325	95	
336	337	335	
10	9	333	
339	340	338	
251	330	329	
341	340	339	
342	336	335	
343	344	62	
175	345	176	
346	347	209	
348	321	320	
349	346	209	
261	350	264	
31	351	32	
259	261	264	
353	354	352	
355	312	286	
356	332	130	
358	359	357	
361	362	360	
343	332	356	
298	364	363	
365	361	360	
339	367	366	
368	298	363	
341	339	366	
196	347	369	
4	370	283	
371	372	364	
373	361	365	
375	352	374	
376	377	144	
378	291	290	
380	34	379	
358	372	371	
381	382	256	
101	100	383	
384	375	374	
385	354	353	
386	387	375	
389	390	388	
392	393	391	
395	396	394	
397	396	395	
399	400	398	
402	403	401	
405	337	404	
407	408	406	
99	98	276	
61	343	62	
410	411	409	
6	5	293	
1	34	380	
413	414	412	
415	413	412	
129	417	416	
419	367	418	
420	421	167	
422	345	175	
423	422	175	
58	424	59	
426	427	425	
429	408	428	
430	408	429	
431	419	418	
349	222	428	
433	260	432	
435	436	434	
437	427	426	
438	436	435	
125	439	126	
128	417	129	
440	260	433	
442	150	441	
444	445	443	
446	445	444	
448	449	447	
451	445	450	
452	448	447	
453	191	193	
455	456	454	
350	453	193	
457	442	441	
166	163	458	
459	460	143	
461	459	143	
462	456	455	
464	465	463	
466	445	451	
467	464	463	
461	468	459	
470	471	469	
473	474	472	
476	341	475	
477	341	476	
479	55	478	
481	482	480	
484	485	483	
486	473	472	
487	470	469	
474	473	488	
490	491	489	
492	493	438	
495	496	494	
497	496	495	
498	491	490	
499	208	245	
137	501	500	
502	137	500	
504	205	503	
136	501	137	
506	396	505	
508	496	507	
509	499	245	
510	484	483	
512	513	511	
290	515	514	
495	516	503	
497	495	503	
517	518	516	
519	518	517	
520	521	88	
523	524	522	
192	526	525	
327	192	525	
528	529	527	
530	520	88	
532	533	531	
534	535	529	
536	524	523	
538	539	537	
130	237	540	
258	381	256	
542	543	541	
544	539	538	
370	0	545	
547	548	546	
292	294	253	
518	546	549	
519	546	518	
4	0	370	
551	552	550	
553	532	531	
554	544	513	
271	90	521	
270	90	271	
555	544	554	
413	557	556	
415	557	413	
558	552	551	
391	560	559	
146	561	140	
536	523	488	
563	561	562	
564	542	541	
393	560	391	
565	566	289	
507	568	567	
207	103	155	
433	568	507	
104	103	207	
569	566	565	
473	536	488	
571	383	570	
573	574	572	
576	577	575	
265	383	571	
578	574	573	
579	292	253	
458	580	221	
582	583	581	
585	586	584	
40	165	587	
514	586	585	
504	588	526	
41	40	587	
590	16	589	
592	593	591	
17	16	590	
594	390	389	
292	579	515	
255	281	595	
597	598	596	
599	597	596	
547	601	600	
602	390	594	
603	604	425	
605	604	603	
534	607	606	
609	610	608	
611	316	149	
307	611	149	
612	613	354	
385	612	354	
615	616	614	
617	616	615	
363	619	618	
368	363	618	
620	609	608	
524	621	522	
623	575	622	
624	623	622	
626	212	625	
628	629	627	
631	586	630	
565	629	628	
211	382	625	
633	295	632	
384	386	375	
517	635	634	
636	635	517	
574	638	637	
628	640	639	
642	643	641	
347	642	641	
431	645	644	
635	494	359	
419	644	646	
647	419	646	
649	650	648	
652	653	651	
654	653	652	
212	211	625	
560	67	655	
562	656	452	
657	656	562	
272	649	648	
658	447	449	
659	559	560	
660	140	561	
563	310	506	
662	663	661	
409	665	664	
667	668	666	
636	494	635	
670	671	669	
672	665	409	
674	675	673	
676	675	674	
674	673	677	
678	674	677	
680	681	679	
682	680	679	
665	487	664	
470	487	665	
179	683	378	
685	21	684	
353	687	686	
627	640	628	
22	21	685	
688	671	670	
399	689	400	
549	690	588	
162	370	545	
691	558	543	
269	271	692	
692	271	693	
694	549	588	
696	697	695	
699	584	698	
701	454	700	
702	703	699	
692	704	269	
705	701	700	
3	659	655	
66	3	655	
707	708	706	
164	370	162	
698	702	699	
493	707	706	
702	52	703	
348	704	692	
491	498	709	
711	712	710	
19	18	713	
714	711	710	
165	715	587	
716	697	696	
53	52	702	
24	717	25	
589	719	718	
668	482	720	
373	485	721	
570	99	276	
100	99	570	
722	373	721	
724	689	723	
60	343	61	
8	725	641	
727	455	726	
728	729	462	
677	731	730	
732	733	614	
734	732	614	
194	293	282	
369	293	194	
735	731	677	
446	689	724	
737	471	736	
738	737	736	
280	8	641	
739	689	399	
741	742	740	
244	154	265	
383	265	154	
667	482	668	
743	744	278	
746	592	745	
601	634	297	
747	748	573	
519	634	601	
155	154	243	
750	229	749	
29	750	749	
751	144	377	
145	144	751	
56	55	479	
753	754	752	
755	754	753	
756	757	510	
593	757	756	
759	622	758	
760	759	758	
761	756	510	
492	384	707	
151	153	762	
764	374	763	
308	452	447	
310	452	308	
300	351	31	
689	739	723	
187	766	765	
767	187	765	
590	589	173	
713	590	173	
769	770	768	
91	270	198	
199	198	270	
66	655	67	
91	198	92	
771	772	289	
718	719	315	
773	718	315	
774	167	421	
776	273	775	
778	779	777	
65	64	464	
4	283	5	
422	781	780	
782	781	422	
784	785	783	
786	787	651	
788	786	651	
566	771	289	
789	779	778	
282	164	166	
790	769	768	
791	784	783	
225	793	792	
795	403	794	
705	796	439	
798	799	797	
788	741	740	
102	155	103	
800	801	661	
803	804	802	
806	807	805	
809	810	808	
811	810	809	
812	811	809	
814	815	813	
70	816	71	
101	383	156	
154	156	383	
101	156	102	
227	750	28	
227	229	750	
29	28	750	
435	596	817	
818	807	806	
599	596	435	
646	644	268	
820	821	819	
822	815	814	
132	823	254	
825	826	824	
30	749	299	
229	299	749	
30	29	749	
539	544	555	
827	803	802	
819	829	828	
267	646	268	
830	829	819	
793	238	792	
128	130	332	
568	433	432	
623	832	831	
834	835	833	
836	837	168	
838	837	836	
839	835	834	
619	833	840	
841	836	168	
780	832	623	
626	625	762	
342	836	841	
842	619	840	
844	845	843	
846	471	737	
848	849	847	
850	845	844	
294	132	254	
406	849	733	
851	406	733	
618	852	843	
842	852	618	
785	853	828	
783	785	828	
132	216	823	
814	855	854	
273	648	856	
148	307	149	
858	859	857	
860	372	834	
861	846	737	
862	753	405	
863	859	858	
775	273	856	
865	580	864	
866	578	748	
36	273	776	
868	869	867	
855	870	854	
850	870	855	
480	872	871	
873	872	480	
340	42	338	
41	587	338	
874	875	754	
876	875	874	
41	338	42	
201	878	877	
277	880	879	
881	201	877	
277	879	275	
882	883	431	
476	878	44	
523	884	488	
477	476	44	
885	660	561	
887	875	886	
888	889	478	
27	26	620	
877	890	683	
892	535	891	
130	540	356	
891	355	892	
670	258	257	
893	889	888	
894	875	887	
790	895	171	
881	877	683	
897	898	896	
899	897	896	
901	898	900	
902	790	171	
903	901	900	
904	661	801	
598	219	218	
905	355	891	
199	270	269	
907	577	906	
758	577	907	
524	908	621	
882	418	909	
910	911	906	
913	914	912	
161	914	913	
915	911	910	
362	916	360	
668	917	666	
918	917	668	
920	862	919	
854	921	916	
870	921	854	
922	923	720	
481	922	720	
12	147	13	
403	924	794	
457	925	115	
926	874	924	
927	928	774	
617	928	927	
876	874	926	
929	930	917	
879	278	279	
743	278	879	
918	929	917	
880	743	879	
929	923	931	
279	275	879	
918	923	929	
264	263	259	
933	505	932	
279	263	265	
934	84	912	
880	277	572	
935	84	934	
114	457	115	
937	853	936	
820	853	937	
938	505	933	
914	940	939	
431	418	882	
626	942	941	
801	800	606	
535	800	891	
891	800	661	
93	197	134	
944	861	943	
199	134	197	
93	92	197	
945	944	943	
279	571	275	
947	921	946	
948	921	947	
279	265	571	
949	950	946	
903	950	949	
952	953	951	
954	952	951	
950	956	955	
957	950	955	
900	958	956	
959	759	760	
960	958	900	
922	962	961	
963	922	961	
887	962	871	
894	887	871	
964	965	936	
966	964	936	
869	967	784	
968	969	805	
970	243	245	
934	914	939	
244	509	245	
972	973	971	
904	801	411	
974	975	863	
937	977	976	
978	977	937	
979	974	863	
947	981	980	
957	981	947	
469	974	979	
523	982	830	
157	983	158	
964	967	984	
966	967	964	
805	969	985	
580	163	986	
840	988	987	
989	988	840	
990	991	930	
884	523	830	
992	990	930	
816	212	626	
852	993	896	
994	852	896	
393	995	560	
996	993	987	
998	538	997	
999	538	998	
1000	996	987	
1002	1003	1001	
1004	1003	1002	
1006	1007	1005	
1008	1006	1005	
799	1007	857	
859	799	857	
1010	1011	1009	
1012	1010	1009	
797	944	1013	
196	369	194	
1014	944	797	
1016	1013	1015	
1017	1016	1015	
282	166	194	
1018	1019	931	
963	1018	931	
1020	1021	1019	
1022	934	939	
1023	1022	939	
1024	1021	1020	
955	1026	1025	
1028	1029	1027	
1030	1026	955	
1028	1023	1029	
116	1031	117	
981	1025	1032	
818	981	1032	
1034	1035	1033	
1036	1010	1012	
1037	1034	1033	
1006	1035	867	
76	75	1038	
306	1039	307	
1040	1006	867	
401	911	1041	
1042	911	401	
1044	1041	1043	
1045	1044	1043	
477	340	341	
1047	991	1046	
477	43	340	
42	340	43	
1048	991	1047	
1049	1012	1009	
469	979	487	
1051	1052	1050	
1053	1052	1051	
1055	1056	1054	
816	626	941	
701	124	1057	
632	224	388	
686	1059	1058	
1060	1059	686	
612	1058	1061	
80	79	1062	
1028	1027	530	
1063	612	1061	
910	1052	1064	
576	1052	910	
87	86	530	
530	1027	520	
87	530	88	
1066	1064	1065	
119	118	157	
1067	1066	1065	
1068	717	23	
24	23	717	
1070	1071	1069	
125	124	701	
693	521	520	
1072	1071	1070	
943	1069	951	
89	88	521	
210	995	393	
945	943	951	
1073	925	457	
807	968	805	
1074	1075	761	
1044	1076	926	
1077	1074	761	
1027	1079	1078	
271	521	693	
89	521	90	
402	1044	926	
1081	1076	1080	
120	158	121	
779	217	206	
779	106	217	
1082	1081	1080	
105	217	106	
1081	1083	886	
876	1081	886	
1085	1083	1084	
1086	805	985	
217	104	207	
105	104	217	
1087	1085	1084	
1089	1090	1088	
1091	1089	1088	
1026	1090	1092	
16	15	719	
1093	1026	1092	
155	970	207	
243	970	155	
897	1095	1094	
1096	670	257	
441	1073	457	
1097	788	740	
786	788	1097	
100	570	383	
570	275	571	
1098	608	610	
276	275	570	
864	531	865	
960	897	1094	
1100	1101	1099	
38	1056	1055	
211	210	393	
1102	1100	1099	
953	1101	1015	
945	953	1015	
131	1103	266	
1104	229	226	
86	935	1028	
228	249	226	
772	771	1105	
1106	1027	1078	
530	86	1028	
269	1107	199	
520	1027	1106	
199	1107	134	
704	1107	269	
231	230	1108	
14	13	1109	
1110	1107	704	
463	540	467	
1111	1112	135	
134	1111	135	
535	534	606	
1113	131	266	
1085	1114	961	
1115	1085	961	
800	535	606	
1116	1117	642	
704	348	1118	
1018	1114	1119	
1120	1018	1119	
450	1122	1121	
1123	450	1121	
695	724	723	
1124	695	723	
1125	432	744	
1034	1126	984	
728	727	1127	
868	1034	984	
200	188	1128	
1130	1095	1129	
1131	1095	1130	
968	832	1132	
969	968	1132	
1134	988	1133	
1000	988	1134	
1136	1137	1135	
1138	1136	1135	
1016	1139	1005	
798	1016	1005	
1141	1139	1140	
1142	1141	1140	
1144	1145	1143	
1146	1144	1143	
1066	1145	1043	
915	1066	1043	
205	504	192	
605	685	1147	
958	1148	1088	
1150	815	1149	
1030	958	1088	
299	229	1104	
1151	1148	1094	
1131	1151	1094	
451	1153	1152	
813	815	1150	
1123	1153	451	
1155	1152	1154	
1156	1098	610	
1100	1157	1140	
1017	1100	1140	
43	477	44	
1022	1023	1028	
57	479	1158	
441	376	1073	
1159	1110	1118	
1160	737	738	
1020	1162	1161	
1120	1162	1020	
925	1073	460	
1163	1117	1116	
622	575	577	
1124	1164	695	
758	622	577	
1166	716	1165	
802	567	764	
620	608	227	
182	1167	190	
608	228	227	
377	932	397	
376	932	377	
1168	1169	1065	
1053	1168	1065	
1170	1169	1092	
1171	1170	1092	
1172	426	169	
437	426	1172	
508	567	802	
1173	182	190	
1175	1176	1174	
133	1103	131	
184	1177	559	
819	1178	884	
248	1156	250	
1179	252	250	
1180	391	1177	
153	942	626	
1181	580	865	
1182	580	1181	
1183	1175	1174	
1089	1176	1184	
681	417	331	
830	819	884	
1186	420	1185	
209	222	349	
1171	1089	1184	
1187	1188	1161	
37	776	1056	
1189	1187	1161	
1190	1191	489	
1193	1188	1192	
1068	230	717	
426	1186	1185	
38	37	1056	
1195	400	1194	
230	232	717	
331	1196	681	
1003	1197	1128	
417	681	1198	
725	6	293	
35	273	36	
260	1199	261	
111	139	141	
507	496	440	
440	496	497	
1199	440	497	
440	433	507	
1200	1003	1128	
679	681	1196	
1202	666	1201	
148	11	1203	
637	1205	1204	
268	400	1195	
941	1207	1206	
1106	693	520	
72	941	1206	
942	1208	1207	
580	986	864	
233	1179	250	
1156	233	250	
223	225	1209	
976	1211	1210	
1212	1104	226	
1212	246	1190	
249	246	1212	
249	1212	226	
1180	1213	256	
186	1213	1180	
1214	1212	491	
821	976	1210	
997	399	998	
1104	1212	1214	
1215	1193	1192	
739	399	997	
1207	941	942	
541	1046	1216	
551	1046	541	
1217	1202	1201	
1218	564	1216	
1203	10	333	
11	10	1203	
442	457	114	
248	247	1156	
7	6	725	
113	442	114	
1219	564	1218	
1127	727	311	
952	1220	1135	
555	1222	1221	
23	22	1068	
1221	1222	1223	
1224	666	1202	
1221	537	539	
491	709	1214	
268	398	400	
382	381	151	
1221	539	555	
573	572	747	
1042	1225	907	
323	1226	324	
1227	952	1135	
318	223	1209	
996	1228	1129	
311	727	1229	
899	996	1129	
1230	883	511	
999	1230	511	
106	779	107	
1070	738	1231	
143	145	204	
306	148	1203	
461	143	204	
1209	225	792	
1160	738	1070	
9	280	334	
374	1232	384	
177	1234	1233	
350	509	264	
223	388	224	
27	620	227	
764	1232	374	
1236	1218	1235	
1219	1218	1236	
177	514	1234	
1118	1110	704	
333	334	306	
71	816	941	
27	227	28	
1144	1237	1080	
1045	1144	1080	
692	693	1106	
264	509	244	
1239	1240	1238	
1241	511	882	
1243	1237	1242	
789	1244	108	
764	1245	1232	
1247	1248	1246	
511	883	882	
306	1203	333	
382	1180	256	
1249	1243	1242	
512	511	1241	
1130	1251	1250	
689	446	444	
1131	1130	1250	
177	290	514	
1170	1252	1143	
272	380	649	
1254	972	1253	
1256	647	1255	
1067	1170	1143	
1257	1252	1184	
537	1221	1258	
1259	1260	1258	
1190	246	1191	
1261	252	1179	
1110	1246	1248	
815	362	361	
174	176	865	
865	531	174	
865	176	1181	
107	789	108	
1112	325	135	
1246	1110	1159	
1262	1257	1184	
1247	1246	1263	
1257	1264	1242	
422	423	782	
1146	1257	1242	
1266	1264	1265	
1267	1266	1265	
1002	1220	1268	
1138	1220	1002	
822	362	815	
990	1021	1269	
992	1021	990	
80	1062	1270	
1271	1270	1062	
80	1270	81	
1193	1235	1269	
1215	1235	1193	
1273	1157	1272	
1142	1157	1273	
1241	1054	1274	
1040	1254	1253	
1276	920	1275	
196	209	347	
1277	184	559	
1278	1054	1241	
795	1276	1275	
170	172	604	
435	434	599	
1099	1137	1279	
1227	1137	1099	
12	11	148	
1276	794	753	
1280	650	649	
1281	172	171	
111	141	112	
1283	1284	1282	
1286	1279	1285	
1287	1286	1285	
1141	1288	1033	
1008	1141	1033	
1290	1291	1289	
1183	1290	1289	
1293	1126	1292	
1294	1126	1293	
1151	1295	1174	
1091	1151	1174	
1296	305	939	
1290	1295	1250	
1297	1290	1250	
350	326	509	
1298	1299	1001	
1300	1298	1001	
1187	1302	1301	
1303	1187	1301	
1285	1305	1304	
728	462	727	
1306	1305	1285	
1308	1309	1307	
493	1310	438	
172	1281	1186	
177	1233	178	
1310	493	706	
1177	184	186	
1311	1309	1308	
475	1312	476	
1314	1315	1313	
1256	475	341	
1316	1315	1314	
491	1212	1190	
1317	1318	1313	
1319	1238	592	
1311	1318	1317	
1308	1291	1320	
177	179	378	
1321	1291	1308	
1322	1318	1320	
970	208	207	
1323	920	615	
1274	1056	775	
1163	407	851	
1324	1318	1322	
1322	1251	1325	
1297	1251	1322	
1326	1327	1325	
1328	1327	1326	
1286	1329	1272	
1102	1286	1272	
1331	1304	1330	
1287	1304	1331	
1273	1315	1332	
1190	489	491	
379	33	1333	
468	1334	459	
1334	468	157	
118	1334	157	
1335	1315	1273	
422	1336	345	
1334	1031	459	
1337	1288	1332	
34	33	379	
274	240	1338	
379	1339	649	
614	1323	615	
1037	1288	1337	
1211	1340	218	
506	505	885	
1341	1342	1289	
1210	1211	218	
733	1323	614	
849	848	1323	
1343	850	855	
1321	1341	1289	
1175	1342	1265	
1262	1175	1265	
127	545	0	
77	76	1344	
1346	1347	1345	
1348	1346	1345	
849	1323	733	
862	1276	753	
823	281	254	
1349	550	552	
1243	1347	1084	
1082	1243	1084	
1351	1352	1350	
1353	1352	1351	
689	1194	400	
1354	1355	1154	
698	584	1356	
71	941	72	
1356	893	698	
1356	584	631	
1357	1358	1350	
1359	1354	1154	
1328	1358	1357	
1337	1360	1292	
1037	1337	1292	
1051	1362	1361	
1363	1362	1051	
1168	1361	1032	
1093	1168	1032	
565	289	288	
845	850	1343	
1326	1228	1364	
1365	424	331	
1366	548	547	
332	1365	331	
1365	332	343	
60	1365	343	
1367	1228	1326	
1366	600	813	
1134	1358	1364	
1366	547	600	
1368	1358	1134	
1357	1360	1369	
1370	1360	1357	
1371	1372	449	
1314	1327	1369	
1324	1327	1314	
1103	1373	267	
449	525	658	
676	318	1209	
611	1283	316	
322	149	316	
1305	1375	1374	
1376	1305	1374	
191	453	1199	
261	453	350	
1136	1299	1375	
1138	1299	1136	
261	1199	453	
1377	1378	1307	
1379	1377	1307	
1341	1378	1380	
1267	1341	1380	
1381	1382	1330	
1376	1381	1330	
1377	1382	1383	
1384	1377	1383	
1386	1387	1385	
1348	1387	1386	
560	655	659	
567	508	507	
1383	1302	1385	
1388	986	162	
1244	1389	110	
458	163	580	
163	162	986	
1390	1302	1383	
1127	311	1391	
1127	1391	1239	
1346	1392	1119	
1087	1346	1119	
1205	706	708	
109	1244	110	
1386	1162	1392	
1189	1162	1386	
1317	1329	1393	
1366	813	1150	
1394	484	510	
1335	1329	1317	
1395	691	1259	
1331	1309	1393	
1379	1309	1331	
1396	1397	1133	
989	1396	1133	
1395	498	490	
1223	498	1395	
730	678	677	
1398	730	731	
1400	1401	1399	
1343	1402	296	
973	791	826	
1353	1401	1400	
1403	977	1399	
121	311	1229	
1404	977	1403	
1266	1405	1345	
121	1229	122	
679	1406	682	
791	1407	826	
1249	1266	1345	
1387	1405	1380	
1384	1387	1380	
1374	1409	1408	
1376	1374	1408	
1410	719	15	
1381	1408	1411	
1376	1408	1381	
1059	1401	1412	
72	1206	73	
637	638	1263	
1060	1401	1059	
973	826	825	
1351	1397	1412	
1368	1397	1351	
1293	1352	1413	
1370	1352	1293	
1400	965	1413	
978	965	1400	
1197	1414	142	
1128	1197	142	
406	851	407	
186	1180	1177	
716	1416	1415	
1166	1416	716	
1388	864	986	
1121	1415	1417	
652	1418	654	
1419	484	1394	
1123	1121	1417	
662	824	663	
267	266	1103	
334	280	643	
490	1420	691	
1422	1423	1421	
111	110	139	
1424	1423	1422	
1395	490	691	
1301	1411	1421	
1390	1411	1301	
1298	1354	1425	
1300	1354	1298	
1426	1427	1416	
1166	1426	1416	
1192	1423	1427	
416	792	129	
1303	1423	1192	
1409	1425	1428	
1429	1425	1409	
1417	1430	1153	
242	238	793	
1431	1432	538	
662	234	824	
14	1410	15	
1123	1417	1153	
1422	1428	1430	
1433	1428	1422	
1071	1434	1268	
954	1071	1268	
158	1391	311	
1127	1319	728	
581	1414	582	
138	1414	581	
158	983	1391	
583	582	1434	
1072	583	1434	
1105	1338	1062	
77	772	78	
588	504	694	
503	694	504	
79	1105	1062	
1049	1436	1435	
796	705	1388	
824	234	825	
1437	1103	133	
1439	415	1438	
412	1438	415	
1441	617	1440	
616	617	1441	
173	170	713	
1103	1437	1373	
1442	909	418	
181	466	1155	
443	466	181	
889	893	1443	
747	2	748	
130	238	237	
1356	1443	893	
483	761	510	
1372	1371	777	
1444	1445	323	
630	1447	1446	
1410	315	719	
1038	1444	323	
1448	308	447	
1398	1446	1449	
1447	1449	1446	
631	630	1446	
528	1226	1208	
313	308	1448	
483	1077	761	
373	1077	483	
982	829	830	
322	315	1410	
595	501	1418	
528	1208	1450	
1449	595	1418	
1451	528	1450	
595	500	501	
281	500	595	
969	1132	1452	
985	969	1452	
344	343	356	
726	122	1229	
123	122	726	
323	287	1038	
1125	1204	1205	
429	1454	1453	
302	301	1439	
284	312	1455	
1456	1454	429	
1439	301	415	
1457	320	319	
20	1458	684	
1460	202	1459	
1453	1454	959	
1461	959	1454	
890	1460	1459	
1462	1443	1356	
195	222	209	
735	1443	1462	
427	1463	1261	
427	437	1463	
744	432	260	
825	234	1464	
1465	1463	437	
329	246	248	
461	1240	1466	
743	880	1467	
204	1240	461	
663	621	905	
1167	1355	188	
1191	246	329	
190	1167	188	
1453	430	429	
627	629	527	
1468	627	527	
428	1456	429	
1469	632	388	
1470	632	1469	
353	352	1471	
1389	1472	657	
1471	352	375	
287	289	1344	
1344	1038	287	
76	1038	1344	
564	1219	1473	
387	809	1471	
375	387	1471	
317	786	389	
1474	203	757	
831	807	1362	
1363	831	1362	
1447	630	579	
542	564	1473	
1475	1372	777	
1031	116	925	
1260	542	1473	
593	1474	757	
146	1389	657	
1282	734	1441	
766	1476	765	
1284	734	1282	
1477	348	320	
1118	348	1477	
70	212	816	
1448	588	690	
317	388	223	
658	588	1448	
1125	744	1204	
117	1031	1334	
743	1204	744	
117	1334	118	
460	1031	925	
317	389	388	
69	212	70	
1478	230	1068	
59	1365	60	
607	1451	1479	
1468	535	892	
427	603	425	
1480	467	214	
210	212	69	
64	465	464	
584	699	585	
484	1481	485	
685	1478	1068	
1482	1483	1339	
471	846	469	
399	1230	998	
398	1230	399	
313	1484	309	
153	1208	942	
255	1447	253	
594	740	1485	
1449	1447	255	
1455	908	524	
331	424	1196	
747	1486	97	
593	592	1238	
59	424	1365	
1487	176	345	
1489	710	1488	
1490	1487	345	
68	995	210	
26	609	620	
1491	1458	713	
1023	302	1439	
561	563	885	
506	885	563	
170	1491	713	
654	501	136	
533	532	1492	
48	47	183	
63	465	64	
878	1312	877	
68	210	69	
878	201	46	
174	531	533	
1493	1488	721	
45	878	46	
1039	306	1117	
1466	1239	1391	
878	476	1312	
45	44	878	
1445	1206	1207	
1207	1226	1445	
1445	73	1206	
983	1466	1391	
74	73	1445	
175	174	533	
1494	721	1488	
1435	536	473	
304	1495	639	
1496	1495	304	
304	639	286	
722	721	1494	
1493	1489	1488	
1493	721	1481	
328	1349	1497	
208	970	245	
330	1349	328	
256	1213	257	
187	1213	186	
1450	153	152	
1498	648	650	
1499	708	1245	
568	1499	1245	
1499	1205	708	
888	698	893	
1125	1205	1499	
441	150	938	
54	53	888	
427	1261	1108	
231	1108	1261	
1501	782	1500	
478	54	888	
55	54	478	
206	1475	777	
1202	1502	1224	
1234	50	1233	
1504	1406	1503	
1465	437	1502	
585	703	1234	
1505	1195	1194	
314	773	315	
49	1233	50	
1506	1463	1465	
252	1463	1506	
746	728	1319	
729	728	746	
1507	1221	1223	
1508	281	823	
1395	1507	1223	
1509	1461	1490	
1508	823	1510	
529	1451	534	
959	1461	1509	
682	1406	1504	
607	534	1451	
1508	1510	1173	
1511	294	292	
239	241	1495	
51	1234	703	
153	1450	1208	
1496	239	1495	
502	1508	1173	
189	502	1173	
1096	257	1512	
296	298	1343	
1513	1449	1418	
1207	1208	1226	
1343	298	368	
1398	1449	1513	
51	50	1234	
1078	319	321	
1263	638	1247	
845	1343	368	
1270	1271	913	
259	1514	260	
412	1457	319	
744	1514	278	
640	355	286	
175	533	423	
259	278	1514	
744	260	1514	
1271	161	913	
1515	1256	1255	
81	1270	913	
1515	1255	1437	
82	81	913	
141	150	442	
1505	1194	444	
1186	425	172	
629	288	324	
479	889	1503	
1158	479	1503	
112	141	442	
113	112	442	
604	172	425	
912	82	913	
1239	1319	1127	
16	719	589	
83	82	912	
1239	1238	1319	
934	912	914	
83	912	84	
1009	1496	304	
206	777	779	
1216	564	541	
856	1516	1274	
262	863	236	
775	856	1274	
193	326	350	
689	444	1194	
863	262	979	
1029	1439	1079	
1479	669	607	
1023	1439	1029	
152	1479	1450	
641	643	280	
220	219	474	
488	220	474	
376	144	1073	
2	747	97	
488	884	220	
660	938	150	
688	670	1096	
140	660	150	
623	1050	575	
460	459	1031	
1517	499	327	
1490	345	1336	
1372	499	1517	
439	701	705	
1011	239	1496	
664	262	410	
262	664	979	
664	410	409	
160	1296	940	
557	1518	472	
35	1	272	
667	1224	838	
1520	1483	1519	
1519	709	1520	
748	578	573	
1521	537	1258	
235	234	662	
572	277	747	
132	294	1511	
1483	1522	1280	
849	430	847	
202	132	1511	
1182	1454	1456	
1182	1181	1454	
1461	1454	1181	
796	1388	545	
803	359	804	
745	592	1500	
1271	240	159	
159	161	1271	
423	745	1500	
1278	715	1054	
499	509	326	
1458	1147	684	
782	423	1500	
460	1073	144	
268	644	398	
763	374	352	
1523	434	320	
1457	1523	320	
1280	1522	1524	
157	468	983	
1520	1522	1483	
1213	187	767	
707	493	492	
1213	767	257	
1388	162	545	
1525	1039	1117	
601	296	600	
301	1518	557	
394	506	309	
394	1493	395	
325	1112	866	
1525	1117	1163	
632	1470	633	
732	1525	1163	
394	396	506	
1349	1217	550	
1196	1526	679	
679	1526	1158	
1039	1525	1284	
233	231	1179	
578	866	1112	
1222	1524	1522	
1155	1154	1355	
324	528	527	
454	456	700	
1432	1431	1521	
717	232	610	
629	324	527	
151	1527	152	
1226	528	324	
1158	1406	679	
537	1521	1431	
471	1528	736	
1124	1521	1164	
1022	1028	935	
86	85	935	
424	58	1526	
1280	1339	1483	
553	864	1529	
179	183	881	
531	864	553	
359	494	804	
1515	475	1256	
183	201	881	
171	173	902	
1515	1312	475	
554	1516	1498	
1022	935	934	
84	935	85	
1520	1530	1522	
201	183	47	
1339	1280	649	
1519	300	1531	
299	1531	300	
561	146	657	
1520	498	1530	
314	316	1283	
1445	1226	323	
673	735	677	
712	1532	548	
546	548	1532	
1124	1432	1521	
1435	473	486	
561	657	562	
1104	1531	299	
567	568	1245	
417	128	331	
1104	1214	1531	
1497	1420	489	
1191	328	1497	
597	414	1533	
933	932	376	
1284	611	1039	
1284	1283	611	
221	1456	222	
428	222	1456	
307	1039	611	
556	474	219	
497	191	1199	
1388	705	1529	
712	711	1532	
489	1191	1497	
849	406	430	
1259	691	543	
543	542	1260	
303	1518	301	
472	474	556	
890	877	1312	
1278	909	715	
1259	543	1260	
1482	351	300	
813	1402	814	
835	1061	1396	
839	1061	835	
1402	855	814	
1523	414	597	
599	1523	597	
600	1402	813	
607	671	606	
1063	1061	839	
1396	1061	1534	
598	597	1533	
1333	32	351	
904	235	662	
33	32	1333	
1223	1530	498	
546	519	547	
601	547	519	
405	753	752	
95	325	866	
1479	1527	669	
96	866	748	
213	1480	214	
630	586	515	
712	1494	710	
515	586	514	
310	563	562	
670	669	1527	
607	669	671	
452	310	562	
529	528	1451	
96	95	866	
688	672	409	
769	1283	1282	
372	357	834	
357	839	834	
769	1282	1535	
529	1468	527	
672	688	1096	
357	372	358	
745	729	746	
601	297	296	
729	745	1492	
1147	685	684	
772	77	1344	
703	585	699	
260	440	1199	
784	791	972	
20	19	1458	
1344	289	772	
252	1261	1463	
369	641	725	
731	1446	1398	
1112	638	578	
731	631	1446	
787	678	651	
1485	1231	594	
338	1442	339	
630	515	579	
1442	338	587	
1442	715	909	
354	763	352	
516	636	517	
1443	735	1504	
673	682	1504	
673	1504	735	
634	519	517	
529	535	1468	
972	869	784	
715	1442	587	
578	638	574	
973	972	791	
634	371	297	
683	179	881	
364	297	371	
634	358	371	
151	762	625	
483	485	373	
349	408	407	
428	408	349	
760	1453	959	
882	1278	1241	
779	789	107	
549	694	518	
516	518	694	
349	407	346	
463	356	540	
183	178	48	
49	178	1233	
49	48	178	
1068	22	685	
1225	401	403	
700	553	1529	
1274	512	1241	
516	694	503	
456	553	700	
1072	1231	1485	
1225	403	795	
1179	231	1261	
769	773	314	
769	314	1283	
1524	1222	555	
781	1132	832	
831	1363	623	
152	1527	1479	
1500	592	591	
904	662	661	
494	636	495	
516	495	636	
1536	1246	1159	
1536	1310	1246	
916	362	822	
917	1048	1201	
550	1201	1048	
902	589	718	
591	1501	1500	
837	1502	1172	
637	1204	574	
378	290	177	
1467	574	1204	
1224	1502	837	
21	20	684	
743	1467	1204	
780	1336	422	
173	589	902	
844	901	949	
850	844	949	
437	1172	1502	
752	872	335	
752	335	405	
335	337	405	
870	850	949	
927	1440	617	
901	903	949	
526	658	525	
895	420	1281	
8	7	725	
293	369	725	
411	688	409	
657	1472	656	
98	97	1486	
508	802	804	
191	497	205	
503	205	497	
673	675	682	
895	421	420	
215	214	237	
588	658	526	
1450	1479	1451	
565	288	629	
225	295	793	
214	540	237	
508	804	494	
780	624	1336	
1163	851	732	
839	357	1063	
733	732	851	
583	742	581	
1256	341	366	
651	678	652	
895	768	421	
708	707	1232	
367	647	366	
1256	366	647	
549	546	1532	
1420	558	691	
67	560	995	
460	144	143	
540	214	467	
690	549	1532	
708	1232	1245	
741	581	742	
1537	467	1480	
1263	1246	1310	
803	827	613	
184	1480	185	
1486	747	277	
552	558	1420	
552	1420	1497	
360	1538	365	
556	557	472	
770	1440	927	
401	1225	1042	
1535	770	769	
494	496	508	
671	688	411	
220	884	1178	
360	1086	1538	
634	635	358	
948	1086	360	
300	1519	1482	
1483	1482	1519	
1535	1440	770	
414	1457	412	
626	762	153	
763	613	827	
165	39	1055	
38	1055	39	
599	434	1523	
435	492	438	
817	492	435	
585	1234	514	
406	408	430	
1457	414	1523	
649	380	379	
220	1178	1210	
890	1312	1515	
273	272	648	
238	129	792	
598	811	596	
431	883	645	
651	653	788	
928	336	774	
1096	1512	672	
556	1533	413	
790	773	769	
732	734	1525	
621	663	824	
678	1539	674	
857	1253	858	
414	413	1533	
678	787	1539	
584	586	631	
614	616	734	
1040	1253	857	
764	567	1245	
344	463	465	
1493	1481	395	
522	826	982	
1202	1217	1540	
1407	982	826	
384	1232	707	
1486	277	276	
1541	672	1512	
1436	536	1435	
672	1541	665	
832	968	831	
807	831	968	
552	1497	1349	
652	678	730	
932	505	396	
580	1182	221	
1467	572	574	
712	1150	1494	
1527	381	258	
1456	221	1182	
939	940	1296	
971	1253	972	
1464	1253	971	
859	863	975	
195	166	458	
195	458	221	
62	344	63	
1050	576	575	
512	1274	1516	
1284	1525	734	
471	470	1542	
582	1004	1434	
526	192	504	
1542	1528	471	
1494	1488	710	
1225	795	848	
1510	823	216	
56	479	57	
799	975	797	
1430	1428	1359	
975	1014	797	
974	1014	975	
975	799	859	
637	1263	1543	
873	1544	342	
1201	666	917	
1310	1543	1263	
1428	1425	1359	
382	151	625	
1253	1464	858	
182	1510	1545	
974	846	1014	
861	1014	846	
377	397	1546	
147	1109	13	
1425	1354	1359	
180	182	1545	
1510	182	1173	
149	1109	147	
682	675	680	
1427	1423	1424	
1421	1423	1303	
982	523	522	
1072	1485	583	
610	232	233	
1156	610	233	
149	322	1109	
342	335	873	
872	873	335	
1432	1124	723	
1198	681	680	
1432	723	739	
486	1049	1435	
1063	357	1547	
486	1012	1049	
582	1414	1004	
1012	486	1548	
544	999	513	
656	1472	789	
985	1538	1086	
889	479	478	
96	748	2	
544	538	999	
790	768	895	
188	1200	1128	
1003	1200	1300	
555	1549	1524	
1108	230	1478	
52	51	703	
685	605	1478	
1108	1478	605	
1222	1522	1530	
1546	1419	751	
1421	1411	1433	
1011	1496	1009	
1198	680	675	
242	793	295	
1075	756	761	
1546	751	377	
1428	1433	1409	
1027	1029	1079	
976	1404	1211	
810	1211	1404	
228	608	1098	
318	787	317	
786	317	787	
661	663	891	
1550	758	907	
1550	907	1225	
189	1173	190	
1222	1530	1223	
1526	57	1158	
808	1403	687	
58	57	1526	
1403	808	1404	
1412	1397	1534	
1411	1408	1433	
810	1404	808	
1164	1521	1551	
1409	1433	1408	
1260	1473	1551	
116	115	925	
724	695	697	
134	1107	1111	
1164	1551	1473	
909	1278	882	
741	136	581	
136	741	653	
1438	1079	1439	
654	136	653	
1438	1078	1079	
136	138	581	
145	751	1419	
213	1553	1552	
443	1505	444	
1260	1551	1521	
213	1552	185	
784	966	785	
1156	247	1098	
187	185	1552	
853	785	966	
359	803	1547	
722	815	361	
454	701	1057	
228	1098	247	
423	533	745	
1498	1549	554	
1492	745	533	
1164	1473	1165	
499	1372	1475	
206	208	1475	
905	891	663	
1554	736	1528	
594	1231	602	
1555	464	1537	
464	467	1537	
1231	736	602	
1271	1338	240	
1062	1338	1271	
659	1555	1277	
924	403	402	
1340	1211	810	
906	1042	907	
811	1340	810	
631	731	1462	
631	1462	1356	
735	1462	731	
1369	1360	1316	
1494	1150	1149	
1277	559	659	
513	512	1556	
1537	1277	1555	
1490	1461	1487	
1181	176	1487	
1181	1487	1461	
1516	554	1556	
1470	1469	1554	
1050	623	1363	
447	658	1448	
690	313	1448	
1219	1165	1473	
1108	603	427	
513	1556	554	
1516	1556	512	
499	1475	208	
1382	1379	1330	
347	346	642	
1165	1236	1426	
1166	1165	1426	
1319	592	746	
1236	1165	1219	
1393	1329	1287	
1409	1374	1429	
480	482	1544	
411	801	671	
1375	1429	1374	
1364	1358	1328	
1350	1358	1368	
1544	873	480	
1544	482	667	
351	1482	1333	
838	1544	667	
643	642	1117	
642	346	1116	
258	670	1527	
415	301	557	
1519	1531	709	
169	426	1185	
1108	605	603	
1105	771	1338	
1338	771	274	
169	1185	167	
1281	420	1186	
1378	1321	1307	
545	127	796	
65	464	1555	
1498	1516	856	
1330	1304	1376	
753	794	755	
439	796	126	
1393	1309	1311	
1307	1309	1379	
127	126	796	
339	1442	367	
418	367	1442	
1385	1302	1189	
1355	1167	1155	
1247	1111	1248	
1411	1390	1381	
1159	436	1536	
455	1057	726	
1382	1381	1390	
1320	1318	1311	
1313	1318	1324	
1505	443	180	
181	180	443	
1375	1305	1306	
1304	1305	1376	
337	336	928	
123	726	1057	
454	1057	455	
164	282	283	
370	164	283	
373	722	361	
1557	1113	266	
1230	999	998	
513	999	511	
1375	1299	1429	
1369	1327	1328	
1325	1327	1324	
550	1047	551	
1046	551	1047	
1413	1352	1353	
1350	1352	1370	
550	1048	1047	
1056	776	775	
364	298	297	
365	1077	373	
871	481	480	
1003	1004	1197	
885	505	660	
829	982	1407	
783	829	1407	
1538	1074	1077	
1414	1197	1004	
1360	1370	1292	
1538	985	1074	
1452	1074	985	
1395	1259	1507	
1258	1221	1507	
1258	1507	1259	
1320	1291	1297	
169	837	1172	
438	1310	1536	
438	1536	436	
1332	1288	1142	
837	169	168	
1063	803	613	
404	919	862	
404	617	919	
536	1436	1455	
615	919	617	
1217	1201	550	
654	1418	501	
378	1459	291	
1329	1335	1272	
1511	292	291	
780	623	624	
536	1455	524	
1214	709	1531	
1472	1244	789	
109	108	1244	
1505	1557	1195	
706	1543	1310	
266	1195	1557	
1434	1004	1268	
713	18	590	
781	832	780	
17	590	18	
938	660	505	
1545	1510	216	
167	841	168	
167	774	841	
709	498	1520	
336	841	774	
1325	1251	1367	
758	1550	760	
847	760	1550	
182	181	1167	
675	676	1198	
1209	1198	676	
1155	1167	181	
1447	579	253	
322	1410	1109	
773	790	902	
782	1132	781	
1452	1132	1501	
782	1501	1132	
1385	1384	1383	
1382	1390	1383	
379	1333	1339	
1482	1339	1333	
1304	1287	1285	
1279	1306	1285	
1545	1557	180	
1269	1235	1558	
1505	180	1557	
14	1109	1410	
687	1559	808	
1236	1215	1426	
1427	1426	1215	
1075	1074	1452	
1501	1075	1452	
1471	1559	353	
188	1355	1200	
1364	1228	1000	
828	820	819	
687	353	1559	
819	821	1178	
1268	1220	954	
1295	1131	1250	
1251	1297	1250	
1354	1200	1355	
624	622	759	
1332	1315	1316	
1313	1315	1335	
1210	1178	821	
461	1466	468	
983	468	1466	
1481	484	1546	
1546	397	395	
1481	1546	395	
1405	1267	1380	
1378	1384	1380	
713	1458	19	
36	776	37	
1255	647	1373	
1007	799	798	
1527	151	381	
1196	424	1526	
1342	1183	1289	
1291	1321	1289	
262	235	410	
858	236	863	
848	795	1275	
904	410	235	
1158	1503	1406	
812	809	387	
1389	1244	1472	
555	554	1549	
880	572	1467	
1063	1547	803	
1430	1424	1422	
1421	1433	1422	
645	398	644	
717	610	609	
139	110	1389	
1402	1343	855	
1230	398	645	
203	1474	1240	
1393	1287	1331	
1330	1379	1331	
1440	1535	1441	
204	203	1240	
411	410	904	
717	609	25	
616	1441	734	
1117	306	643	
412	319	1438	
1078	1438	319	
1282	1441	1535	
441	933	376	
1427	1424	1416	
1336	1509	1490	
441	938	933	
1415	1416	1424	
759	1509	624	
1336	624	1509	
334	643	306	
490	489	1420	
320	434	1477	
295	633	1560	
142	137	200	
1128	142	200	
760	847	1561	
430	1453	1561	
1421	1303	1301	
1302	1390	1301	
760	1561	1453	
1188	1024	1161	
430	1561	847	
1511	291	1459	
1405	1387	1348	
1385	1387	1384	
358	635	359	
786	1097	389	
125	701	439	
185	1480	213	
342	841	336	
347	641	369	
1392	1162	1120	
1161	1162	1189	
720	918	668	
1532	711	1484	
712	1366	1150	
1272	1157	1102	
313	690	1484	
1532	1484	690	
1501	591	1075	
596	811	812	
817	812	387	
596	812	817	
756	1075	591	
1553	242	1560	
295	1560	242	
161	940	914	
161	160	940	
974	469	846	
1237	1082	1080	
979	664	487	
344	465	63	
920	1323	1275	
656	778	1371	
318	1539	787	
674	1539	676	
318	676	1539	
848	1275	1323	
310	309	506	
872	752	894	
754	894	752	
449	1372	1517	
327	525	1517	
449	1517	525	
309	714	394	
604	605	1147	
1230	645	883	
1455	1436	284	
656	789	778	
777	1371	778	
1279	1137	1306	
692	1106	321	
285	284	1436	
692	321	348	
1397	1368	1133	
1464	234	236	
936	853	966	
1220	1138	1135	
1137	1227	1135	
1329	1286	1287	
1279	1286	1102	
1464	236	858	
355	905	312	
1205	637	1543	
1228	1367	1129	
908	312	905	
1205	1543	706	
1484	714	309	
1292	1126	1037	
606	671	801	
537	1431	538	
594	1097	740	
1498	1524	1549	
359	1547	357	
773	902	718	
456	532	553	
724	1122	446	
711	714	1484	
724	697	1122	
1382	1377	1379	
1378	1377	1384	
602	1554	1469	
456	1492	532	
602	1469	390	
854	822	814	
388	390	1469	
1449	255	595	
1112	1111	1247	
1118	436	1159	
1112	1247	638	
594	389	1097	
1405	1348	1345	
1347	1249	1345	
492	817	386	
1529	705	700	
1050	1363	1051	
1137	1136	1306	
1361	1053	1051	
1239	1466	1240	
1148	958	960	
1480	1277	1537	
1480	184	1277	
407	1163	1116	
1342	1267	1265	
1264	1262	1265	
1375	1306	1136	
407	1116	346	
1430	1359	1153	
502	200	137	
1460	1437	133	
1152	1153	1359	
1281	171	895	
189	200	502	
715	165	1055	
492	386	384	
956	958	1030	
1129	1095	899	
251	1506	330	
1540	330	1506	
251	252	1506	
1086	980	806	
890	1459	683	
378	683	1459	
1086	806	805	
68	67	995	
715	1055	1054	
1252	1170	1171	
1393	1311	1317	
1313	1335	1317	
1255	1373	1437	
1169	1170	1067	
1460	133	202	
387	386	817	
1545	1113	1557	
1545	216	1113	
1295	1183	1174	
1176	1091	1174	
1258	1260	1521	
1113	216	131	
484	1419	1546	
1274	1054	1056	
569	639	1495	
1036	1296	1010	
1296	1036	305	
1125	1499	432	
568	432	1499	
1504	1503	1443	
889	1443	1503	
470	665	1562	
1378	1341	1321	
1342	1341	1267	
644	419	431	
1562	1542	470	
367	419	647	
404	862	405	
421	768	770	
566	241	274	
848	847	1550	
1495	241	569	
848	1550	1225	
1107	1110	1248	
267	1373	646	
566	569	241	
686	385	353	
1508	502	500	
281	1508	500	
160	1010	1296	
541	543	558	
639	569	628	
647	646	1373	
767	1512	257	
1078	321	1106	
788	653	741	
286	639	640	
1216	1046	1558	
218	220	1210	
727	462	455	
1235	1215	1236	
613	612	1063	
1058	612	385	
290	292	515	
1076	1045	1080	
565	628	569	
417	1198	416	
600	296	1402	
1107	1248	1111	
1036	1012	1548	
1392	1348	1386	
1385	1189	1386	
1036	1548	303	
1518	303	1548	
1470	1554	1563	
1528	1563	1554	
1528	1542	1563	
916	822	854	
1476	1563	1542	
1542	1562	1476	
1476	1470	1563	
633	1470	1476	
967	869	868	
640	1468	892	
242	1553	215	
1040	867	1254	
1320	1311	1308	
1307	1321	1308	
213	215	1553	
640	892	355	
404	337	928	
869	972	1254	
766	187	1552	
766	1552	1553	
1427	1215	1192	
1188	1303	1192	
869	1254	867	
342	1544	836	
1147	1491	604	
838	836	1544	
124	123	1057	
598	1533	1564	
556	219	1564	
598	1564	219	
556	1564	1533	
1049	1009	285	
1252	1171	1184	
1176	1262	1184	
1481	721	485	
1041	911	915	
421	770	927	
1147	1458	1491	
303	305	1036	
633	1476	766	
1288	1037	1033	
1035	1008	1033	
170	604	1491	
906	911	1042	
1231	738	736	
1186	426	425	
167	1185	420	
739	997	1432	
472	1548	486	
78	772	1105	
78	1105	79	
472	1518	1548	
1392	1120	1119	
1114	1087	1119	
1209	792	416	
356	463	344	
818	806	980	
1299	1138	1001	
901	844	994	
364	860	363	
1332	1142	1273	
1272	1335	1273	
619	363	860	
843	994	844	
1035	1034	868	
1126	1034	1037	
1485	742	583	
450	1123	451	
328	1191	329	
248	251	329	
1152	466	451	
862	920	1276	
795	794	1276	
1498	856	648	
727	726	1229	
238	130	129	
1361	818	1032	
1025	1093	1032	
304	285	1009	
538	1432	997	
268	1195	266	
1046	991	1558	
1165	716	696	
98	1486	276	
1011	1010	160	
159	1011	160	
695	1164	696	
993	842	987	
1165	696	1164	
1419	203	145	
26	25	609	
919	615	920	
656	1371	448	
1540	1217	1565	
722	1494	1149	
722	1149	815	
656	448	452	
449	448	1371	
146	139	1389	
295	224	632	
1279	1102	1099	
1101	1227	1099	
906	577	576	
764	827	802	
1512	767	765	
1541	1512	765	
1562	1541	765	
1126	1294	984	
203	1394	757	
764	763	827	
591	593	756	
765	1476	1562	
1325	1324	1322	
1320	1297	1322	
1541	1562	665	
239	1011	159	
613	763	354	
443	445	466	
1347	1087	1084	
1083	1082	1084	
450	445	446	
240	239	159	
1269	1021	1024	
1019	1021	992	
1058	1534	1061	
1086	948	980	
436	1477	434	
203	1419	1394	
364	372	860	
1465	1540	1506	
754	875	894	
886	875	876	
1407	791	783	
566	274	771	
510	757	1394	
1397	1396	1534	
959	1509	759	
396	397	932	
1133	988	989	
987	988	1000	
1035	868	867	
1437	1460	1515	
1101	1017	1015	
1013	945	1015	
1139	1141	1008	
1288	1141	1142	
1264	1249	1242	
1237	1146	1242	
1083	1081	1082	
898	901	994	
1076	1081	876	
890	1515	1460	
714	710	1489	
1228	996	1000	
1058	385	686	
993	996	899	
1354	1300	1200	
924	402	926	
1148	960	1094	
1095	1131	1094	
1076	876	926	
976	821	820	
1295	1290	1183	
1291	1290	1297	
1264	1257	1262	
1252	1257	1146	
1188	1193	1024	
1349	330	1565	
1369	1316	1314	
1313	1324	1314	
809	1559	1471	
698	888	702	
652	1513	1418	
1398	1513	730	
809	808	1559	
824	1566	621	
53	702	888	
1007	1040	857	
652	730	1513	
754	755	874	
924	874	755	
1013	1016	798	
1139	1016	1017	
833	860	834	
1238	1240	1474	
1238	1474	593	
833	619	860	
984	967	868	
1364	1328	1326	
1325	1367	1326	
1436	1049	285	
843	845	368	
1434	1071	1072	
1069	1071	954	
908	1455	312	
1	380	272	
946	921	870	
916	921	948	
619	842	618	
1413	965	1294	
1302	1187	1189	
1188	1187	1303	
923	918	720	
1013	944	945	
861	944	1014	
1403	1060	687	
1001	1003	1300	
686	687	1060	
1064	1052	1053	
1269	1024	1193	
1050	1052	576	
939	302	1023	
843	852	994	
1176	1089	1091	
1090	1089	1171	
962	481	871	
927	774	421	
1540	1565	330	
1025	981	957	
980	981	818	
993	852	842	
1101	953	1227	
1122	697	1121	
598	1340	811	
967	966	784	
1133	1368	1134	
1364	1000	1134	
558	551	541	
1342	1175	1183	
1176	1175	1262	
939	305	302	
1415	1121	697	
1430	1417	1424	
1041	915	1043	
598	218	1340	
1415	1424	1417	
1041	402	401	
1145	1045	1043	
766	1553	1560	
766	1560	633	
1414	138	142	
1224	667	666	
1493	394	1489	
946	950	957	
956	950	903	
1292	1370	1293	
1148	1091	1088	
1090	1030	1088	
1413	1294	1293	
930	929	992	
931	992	929	
930	1048	917	
1145	1066	1067	
1064	1066	915	
993	899	896	
1122	450	446	
898	994	896	
871	872	894	
1139	1008	1005	
1007	798	1005	
1095	897	899	
898	897	960	
898	960	900	
965	978	936	
1405	1266	1267	
1264	1266	1249	
956	903	900	
833	989	840	
1202	1540	1502	
1465	1502	1540	
1069	954	951	
953	945	951	
987	842	840	
825	1464	971	
825	971	973	
3	65	1555	
1157	1142	1140	
1139	1017	1140	
3	1555	659	
1554	602	736	
1083	1085	1115	
1114	1085	1087	
462	1492	456	
462	729	1492	
1392	1346	1348	
1347	1346	1087	
1069	943	1160	
861	1160	943	
1295	1151	1131	
1148	1151	1091	
946	870	949	
924	755	794	
1169	1168	1093	
1361	1168	1053	
1396	989	835	
1152	1359	1154	
1529	864	1388	
833	835	989	
202	1511	1459	
1349	1565	1217	
1399	1060	1403	
861	737	1160	
1161	1024	1020	
1019	992	931	
1019	1120	1020	
326	327	499	
1399	978	1400	
991	1048	930	
1413	1353	1400	
1152	1155	466	
1090	1026	1030	
1468	640	627	
980	948	947	
1145	1144	1045	
1237	1144	1146	
946	957	947	
853	820	828	
1013	798	797	
956	1030	955	
1038	75	1444	
1025	957	955	
74	1445	1444	
74	1444	75	
621	908	905	
936	978	937	
1129	1367	1130	
1251	1130	1367	
976	820	937	
1025	1026	1093	
1350	1368	1351	
1412	1353	1351	
1019	1018	1120	
906	576	910	
931	923	963	
1064	915	910	
1114	1018	963	
720	482	481	
953	952	1227	
1114	963	961	
962	1115	961	
828	829	783	
1058	1059	1534	
1412	1534	1059	
1235	1218	1558	
1216	1558	1218	
1220	952	954	
1224	837	838	
1001	1138	1002	
1268	1004	1002	
1332	1316	1337	
1035	1006	1008	
1360	1337	1316	
1425	1429	1298	
712	548	1366	
976	977	1404	
1299	1298	1429	
1064	1053	1065	
991	990	1558	
1269	1558	990	
1169	1067	1065	
1157	1100	1102	
1101	1100	1017	
1077	365	1538	
714	1489	394	
1412	1401	1353	
1399	1401	1060	
916	948	360	
1069	1160	1070	
1231	1072	1070	
1076	1044	1045	
1347	1243	1249	
1237	1243	1082	
1252	1146	1143	
1145	1067	1143	
1041	1044	402	
617	404	928	
886	1115	887	
962	887	1115	
1169	1093	1092	
1090	1171	1092	
1361	1362	818	
807	818	1362	
1415	697	716	
1083	1115	886	
1399	977	978	
1350	1370	1357	
1369	1328	1357	
965	964	1294	
962	922	481	
923	922	963	
843	368	618	
984	1294	964	
436	1118	1477	
1007	1006	1040	
1485	740	742	
522	1566	826	
824	826	1566	
522	621	1566	
559	1177	391	
1209	416	1198	
1498	650	1524	
1180	392	391	
211	392	382	
1280	1524	650	
211	393	392	
1180	382	392	
