#Nombre de noeuds
1603

#Coordonnees des noeuds
0.0	0.0	0.0	
2.0	0.0	0.0	
2.0	1.0	0.0	
1.0	1.0	0.0	
1.0	2.0	0.0	
0.0	2.0	0.0	
0.0500000001115	0.0	0.0	
0.100000000218	0.0	0.0	
0.150000000341	0.0	0.0	
0.200000000482	0.0	0.0	
0.250000000623	0.0	0.0	
0.300000000764	0.0	0.0	
0.350000000904	0.0	0.0	
0.400000001045	0.0	0.0	
0.450000001186	0.0	0.0	
0.500000001327	0.0	0.0	
0.550000001468	0.0	0.0	
0.600000001608	0.0	0.0	
0.650000001749	0.0	0.0	
0.70000000189	0.0	0.0	
0.750000002031	0.0	0.0	
0.800000002172	0.0	0.0	
0.850000002312	0.0	0.0	
0.900000002453	0.0	0.0	
0.950000002594	0.0	0.0	
1.00000000271	0.0	0.0	
1.0500000026	0.0	0.0	
1.10000000246	0.0	0.0	
1.15000000232	0.0	0.0	
1.20000000219	0.0	0.0	
1.25000000205	0.0	0.0	
1.30000000191	0.0	0.0	
1.35000000178	0.0	0.0	
1.40000000164	0.0	0.0	
1.4500000015	0.0	0.0	
1.50000000137	0.0	0.0	
1.55000000123	0.0	0.0	
1.60000000109	0.0	0.0	
1.65000000096	0.0	0.0	
1.70000000082	0.0	0.0	
1.75000000068	0.0	0.0	
1.80000000055	0.0	0.0	
1.85000000041	0.0	0.0	
1.90000000027	0.0	0.0	
1.95000000014	0.0	0.0	
2.0	0.0500000001088	0.0	
2.0	0.100000000241	0.0	
2.0	0.150000000382	0.0	
2.0	0.200000000523	0.0	
2.0	0.250000000663	0.0	
2.0	0.300000000804	0.0	
2.0	0.350000000945	0.0	
2.0	0.400000001086	0.0	
2.0	0.450000001227	0.0	
2.0	0.500000001357	0.0	
2.0	0.550000001231	0.0	
2.0	0.600000001094	0.0	
2.0	0.650000000957	0.0	
2.0	0.70000000082	0.0	
2.0	0.750000000684	0.0	
2.0	0.800000000547	0.0	
2.0	0.85000000041	0.0	
2.0	0.900000000273	0.0	
2.0	0.950000000137	0.0	
1.95	1.0	0.0	
1.9	1.0	0.0	
1.85	1.0	0.0	
1.8	1.0	0.0	
1.75	1.0	0.0	
1.7	1.0	0.0	
1.65	1.0	0.0	
1.6	1.0	0.0	
1.55	1.0	0.0	
1.5	1.0	0.0	
1.45	1.0	0.0	
1.4	1.0	0.0	
1.35	1.0	0.0	
1.3	1.0	0.0	
1.25	1.0	0.0	
1.2	1.0	0.0	
1.15	1.0	0.0	
1.1	1.0	0.0	
1.05	1.0	0.0	
1.0	1.05	0.0	
1.0	1.1	0.0	
1.0	1.15	0.0	
1.0	1.2	0.0	
1.0	1.25	0.0	
1.0	1.3	0.0	
1.0	1.35	0.0	
1.0	1.4	0.0	
1.0	1.45	0.0	
1.0	1.5	0.0	
1.0	1.55	0.0	
1.0	1.6	0.0	
1.0	1.65	0.0	
1.0	1.7	0.0	
1.0	1.75	0.0	
1.0	1.8	0.0	
1.0	1.85	0.0	
1.0	1.9	0.0	
1.0	1.95	0.0	
0.950000000243	2.0	0.0	
0.900000000069	2.0	0.0	
0.849999999757	2.0	0.0	
0.799999999445	2.0	0.0	
0.749999999133	2.0	0.0	
0.69999999882	2.0	0.0	
0.649999998508	2.0	0.0	
0.599999998196	2.0	0.0	
0.549999997884	2.0	0.0	
0.499999997593	2.0	0.0	
0.449999997814	2.0	0.0	
0.399999998057	2.0	0.0	
0.3499999983	2.0	0.0	
0.299999998543	2.0	0.0	
0.249999998786	2.0	0.0	
0.199999999029	2.0	0.0	
0.149999999271	2.0	0.0	
0.0999999995143	2.0	0.0	
0.0499999997571	2.0	0.0	
0.0	1.95000000024	0.0	
0.0	1.90000000049	0.0	
0.0	1.85000000045	0.0	
0.0	1.80000000014	0.0	
0.0	1.74999999983	0.0	
0.0	1.69999999951	0.0	
0.0	1.6499999992	0.0	
0.0	1.59999999889	0.0	
0.0	1.54999999858	0.0	
0.0	1.49999999827	0.0	
0.0	1.44999999795	0.0	
0.0	1.39999999764	0.0	
0.0	1.34999999733	0.0	
0.0	1.29999999702	0.0	
0.0	1.2499999967	0.0	
0.0	1.19999999639	0.0	
0.0	1.14999999608	0.0	
0.0	1.09999999577	0.0	
0.0	1.04999999546	0.0	
0.0	0.999999995186	0.0	
0.0	0.949999995386	0.0	
0.0	0.899999995628	0.0	
0.0	0.849999995871	0.0	
0.0	0.799999996114	0.0	
0.0	0.749999996357	0.0	
0.0	0.6999999966	0.0	
0.0	0.649999996843	0.0	
0.0	0.599999997086	0.0	
0.0	0.549999997329	0.0	
0.0	0.499999997571	0.0	
0.0	0.449999997814	0.0	
0.0	0.399999998057	0.0	
0.0	0.3499999983	0.0	
0.0	0.299999998543	0.0	
0.0	0.249999998786	0.0	
0.0	0.199999999029	0.0	
0.0	0.149999999271	0.0	
0.0	0.0999999995143	0.0	
0.0	0.0499999997571	0.0	
0.588100632809	0.583606961597	0.0	
1.47500000144	0.499999999966	0.0	
0.501256291925	1.47851525382	0.0	
1.01848579841	0.452282689459	0.0	
0.453048335548	1.02490688334	0.0	
0.343074534195	0.343074534143	0.0	
0.317846904553	0.733530772563	0.0	
0.74177728312	0.313590840669	0.0	
1.22733516266	0.689175822475	0.0	
0.686171515862	1.2146214046	0.0	
0.867814713742	0.721957553891	0.0	
1.69956896595	0.699568965952	0.0	
0.298230246634	1.70182292262	0.0	
1.69956896597	0.300431034027	0.0	
0.709169116027	1.69902862621	0.0	
1.26936160809	0.291084147561	0.0	
0.286812791514	1.26728954272	0.0	
0.726587441034	0.956607300793	0.0	
0.754033403975	1.46190660575	0.0	
1.47231292483	0.762971385833	0.0	
0.232575443808	0.965517186857	0.0	
0.963766688976	0.233682837884	0.0	
0.541958693043	0.807949889742	0.0	
1.48437898056	0.226876561169	0.0	
0.22502310886	1.48695368399	0.0	
0.232525800444	0.53402192441	0.0	
0.542403516499	0.226873414686	0.0	
1.77679425286	0.498674002438	0.0	
0.500000000008	1.78350009895	0.0	
1.06640924937	0.79193271659	0.0	
0.196186049451	0.19951221588	0.0	
0.413360811434	0.519209449295	0.0	
0.578402908561	0.397626764333	0.0	
0.820383165291	1.10322135496	0.0	
1.12826891539	0.180491080843	0.0	
0.177947578891	1.12958255501	0.0	
1.82949469296	0.823510821664	0.0	
0.172262578766	1.82748687569	0.0	
1.82748687601	0.172262578556	0.0	
0.823510821361	1.82949469279	0.0	
0.731869945737	0.487508419694	0.0	
1.00213162929	0.62169289718	0.0	
0.697551785977	0.718323707994	0.0	
0.169792120762	0.372084175858	0.0	
0.364159506017	0.174722297986	0.0	
0.8738673652	0.880836348525	0.0	
0.838439693336	1.30989252963	0.0	
1.31210463673	0.831891602669	0.0	
0.619311776139	1.08290287481	0.0	
0.4934092148	1.23827418243	0.0	
0.8354280156	1.60646648444	0.0	
1.60914592961	0.83747214422	0.0	
0.159620408222	0.805806200761	0.0	
0.800854806909	0.163262947645	0.0	
0.44743810961	1.62925004947	0.0	
1.62431146076	0.552525403132	0.0	
1.37132883226	0.624677436102	0.0	
1.2185612887	0.484160670687	0.0	
0.623274851629	1.37307975651	0.0	
1.62727205874	0.158813584648	0.0	
0.155647911769	1.62536542316	0.0	
0.870163170535	0.407343662696	0.0	
0.373260162401	0.886135048916	0.0	
1.54880662879	0.364821903028	0.0	
0.453510616646	0.679948788998	0.0	
1.3441752464	0.156684615059	0.0	
0.156684615099	1.34417524616	0.0	
0.629688370833	1.56749484934	0.0	
0.356887399086	1.84455884949	0.0	
1.84455884957	0.643112600698	0.0	
1.83967765078	0.361444225052	0.0	
0.635498427184	1.84066830952	0.0	
0.36091819974	1.40630270572	0.0	
1.12191566674	0.328438981518	0.0	
0.327065416253	1.11576222353	0.0	
0.879191054337	0.562150351456	0.0	
1.40936940397	0.36404270722	0.0	
0.148332677003	0.660943981439	0.0	
0.660669390744	0.146039809388	0.0	
1.17163322166	0.857635972488	0.0	
0.571940564311	0.946730246658	0.0	
1.51942247046	0.631261933585	0.0	
0.350878150525	1.5386342258	0.0	
1.13775970313	0.591843143312	0.0	
1.67320902153	0.428950633697	0.0	
0.569791854754	1.67141482808	0.0	
0.757807818723	0.827303698824	0.0	
0.320021208151	0.613632528296	0.0	
0.459824616085	0.336099451003	0.0	
1.3565763186	0.483058022613	0.0	
0.865410087889	1.42634890337	0.0	
1.42975135527	0.872991559657	0.0	
0.745803164566	0.60850950608	0.0	
0.122801806064	1.0183373876	0.0	
1.01349245621	0.121800872848	0.0	
0.468956177143	1.35649818876	0.0	
0.880854678766	1.71808713857	0.0	
1.71808713904	0.8808546791	0.0	
0.118341866865	0.478817668047	0.0	
0.477635261588	0.116432329497	0.0	
1.2331813742	0.116035211167	0.0	
0.116035211928	1.23318137354	0.0	
0.11825226143	0.121669364064	0.0	
0.871873141233	1.2070488071	0.0	
0.301936738533	0.457347652448	0.0	
0.881474939767	1.00777301189	0.0	
1.51926041264	0.115302181503	0.0	
0.115302181406	1.51926041209	0.0	
0.624923297138	0.290924263003	0.0	
1.58659517375	0.72197996011	0.0	
0.634250937785	0.859039905269	0.0	
0.49629481388	1.1108496008	0.0	
0.112139510386	0.268856841237	0.0	
0.264868294829	0.113698238595	0.0	
1.11429506046	0.704911859694	0.0	
1.73413920615	0.111434108419	0.0	
0.111434108497	1.73413920573	0.0	
0.987585944371	0.887703851679	0.0	
1.88598522155	0.539379523611	0.0	
0.460599270792	1.88598058491	0.0	
0.111022185884	0.903356158788	0.0	
0.902576628588	0.112094657728	0.0	
0.515704880327	0.49963069222	0.0	
1.35793203366	0.733786148542	0.0	
0.738258085486	1.35207098723	0.0	
1.26982700243	0.590108521517	0.0	
0.713157270378	1.05854643231	0.0	
0.38360526763	1.2249353552	0.0	
1.8944804317	0.741700819696	0.0	
0.250740937337	1.89613882511	0.0	
1.88381308505	0.259456396895	0.0	
0.7368669985	1.88569031423	0.0	
1.13276100586	0.440825500401	0.0	
0.965622342067	0.721490786896	0.0	
0.582448576074	1.19891646989	0.0	
1.27732304693	0.399373103023	0.0	
0.236213955348	0.290662641226	0.0	
0.256873002003	1.58026056256	0.0	
0.639094981205	0.489849625931	0.0	
0.683466769447	0.399110489203	0.0	
0.0924461779005	1.90541551383	0.0	
1.90437312603	0.905225596207	0.0	
0.905225596132	1.90437312595	0.0	
1.90541551402	0.0924461777948	0.0	
0.900950899246	1.53078952372	0.0	
1.53040158612	0.901542581316	0.0	
0.243150990729	1.06831035989	0.0	
0.3473749183	0.991415933827	0.0	
1.06743051552	0.254675985206	0.0	
0.989845824149	0.343412229038	0.0	
0.965250565512	0.538003649881	0.0	
0.899696001637	0.301815995562	0.0	
0.400131265685	0.417794168553	0.0	
0.559350607774	1.90140545936	0.0	
1.90139885039	0.440651598859	0.0	
0.572429346584	0.0891816275552	0.0	
0.0967819489928	0.576138261943	0.0	
1.08581719203	0.893665778543	0.0	
0.27239018873	1.7951050544	0.0	
0.728944680549	1.79275313056	0.0	
1.80272609612	0.71931067667	0.0	
1.79286112266	0.267252339166	0.0	
0.38050063196	1.31240369034	0.0	
0.782040041026	1.18880140425	0.0	
0.397719429167	0.260194628393	0.0	
1.42445860698	0.0977785439636	0.0	
0.0912887913608	1.42382536185	0.0	
0.242980591008	0.67173157652	0.0	
0.656089527263	1.460578175	0.0	
0.572823535031	1.29496432496	0.0	
0.188724234376	1.71532771625	0.0	
1.7211510917	0.203696516287	0.0	
0.0926795509519	0.74607466628	0.0	
0.742006382055	0.0955409228356	0.0	
1.23057245703	0.786576398765	0.0	
1.17908771976	0.260513404755	0.0	
0.260231601305	1.17877394665	0.0	
0.923124082846	0.802358010992	0.0	
1.76503266996	0.407539295424	0.0	
0.592299236594	1.76541112679	0.0	
0.815891566752	0.256780534943	0.0	
0.731958663474	0.215821282909	0.0	
1.05502303356	0.538222672601	0.0	
0.918439515501	0.651180086617	0.0	
0.480597394925	0.579941143364	0.0	
0.790695997469	1.6847228733	0.0	
0.736211911095	1.60299111472	0.0	
1.68311987253	0.789696218234	0.0	
0.777538332905	0.404808721587	0.0	
1.25693299192	0.902446978709	0.0	
0.669573203812	0.64013936979	0.0	
0.566969121187	0.701036575209	0.0	
0.284241513024	0.210729862011	0.0	
0.917438300187	1.12348005713	0.0	
0.828293603541	0.483987923176	0.0	
1.26758437686	0.202082082773	0.0	
0.202082083157	1.26758437685	0.0	
1.10346376207	0.09085691062	0.0	
0.0908569106046	1.10346376149	0.0	
0.786352893805	1.01539486456	0.0	
0.221424625358	0.446540590165	0.0	
0.240433255936	1.34267236991	0.0	
1.34287977615	0.2447816929	0.0	
0.438300803637	1.5400559833	0.0	
0.530101923677	1.58085088175	0.0	
1.18383586577	0.388280927025	0.0	
0.777920115858	0.744740244395	0.0	
0.91090140389	1.80199014699	0.0	
1.80199014734	0.910901404066	0.0	
0.426187516713	1.10211647964	0.0	
0.643651422225	0.998302386819	0.0	
0.670960597509	1.14036090652	0.0	
0.0810716138402	0.404705591341	0.0	
0.396815384912	0.0875388850403	0.0	
0.907381459927	1.35765151061	0.0	
1.35224574276	0.914199067013	0.0	
0.623129130389	0.772668909623	0.0	
0.535336627594	1.0298292764	0.0	
1.13968719451	0.783989006149	0.0	
1.8093214149	0.0786373226885	0.0	
0.0786373227688	1.80932141461	0.0	
0.925934476649	1.64985987095	0.0	
1.64985987144	0.92593447672	0.0	
0.803796045342	1.52390720177	0.0	
1.51436061165	0.813851973098	0.0	
0.231564234621	0.748994037929	0.0	
0.270153682516	0.856558059815	0.0	
1.54597618983	0.550631950661	0.0	
1.57931993448	0.460358839469	0.0	
0.541955628647	1.40331768945	0.0	
0.796597948446	0.91939774487	0.0	
0.826834996415	0.0822225909861	0.0	
0.080883259	0.82529776509	0.0	
0.827799181295	0.64431255048	0.0	
0.938805853535	0.459023754122	0.0	
1.40139862333	0.536874324544	0.0	
0.488009372272	0.741135246112	0.0	
0.407326556109	0.783778406401	0.0	
0.463924566346	0.863262178131	0.0	
0.483788688934	0.944814757763	0.0	
0.4550410426	0.198756810134	0.0	
0.0823304698858	0.197058616314	0.0	
0.202459658774	0.0860066859431	0.0	
0.49594278831	1.71520768873	0.0	
0.397917552099	1.74683677955	0.0	
1.70850032963	0.509794050148	0.0	
1.74671577797	0.601829628126	0.0	
0.493516900512	0.418348217085	0.0	
0.278267973662	1.41799821279	0.0	
0.58031058904	1.48747123934	0.0	
1.29965680562	0.0773244304653	0.0	
0.0773244301879	1.29965680378	0.0	
1.64129052334	0.242107754184	0.0	
1.55832737402	0.273944120794	0.0	
1.481537987	0.31688540495	0.0	
1.47958633563	0.402281536587	0.0	
1.59367668886	0.0805042950023	0.0	
0.0805183994369	1.59368282837	0.0	
0.362601971285	0.683832865019	0.0	
0.87749296204	0.202064336688	0.0	
1.91913951434	0.816652155119	0.0	
0.178608583159	1.9205811725	0.0	
1.92058117272	0.178608583372	0.0	
0.816652154907	1.9191395145	0.0	
0.269163841119	0.380219725898	0.0	
0.684411719956	0.555359627779	0.0	
0.709815349417	1.53439496641	0.0	
1.63441240799	0.34802736989	0.0	
1.3934337782	0.80312300911	0.0	
0.809779340422	1.40392027095	0.0	
0.643026820376	1.64015007469	0.0	
1.6657119025	0.623285656032	0.0	
0.376140835979	1.66800716738	0.0	
0.617637854636	0.21378900047	0.0	
0.545464130102	0.311394061208	0.0	
0.385699964081	1.92026685302	0.0	
1.92026685309	0.614300035611	0.0	
0.819186754553	0.338383531828	0.0	
1.31338755416	0.661120178866	0.0	
0.418408786843	1.45799841817	0.0	
1.42154731624	0.178117944594	0.0	
0.177864940473	1.42084548312	0.0	
1.9263812628	0.341300143877	0.0	
0.654860366998	1.9251545581	0.0	
0.652697413116	1.29861224619	0.0	
0.829233408656	0.806823823714	0.0	
1.55382595059	0.187348055647	0.0	
0.40307218837	0.600974127555	0.0	
0.926903236232	1.26368084461	0.0	
1.41845467062	0.269845017369	0.0	
0.409130568301	0.956869855669	0.0	
0.42451124284	1.81789177877	0.0	
1.82076484524	0.575935087944	0.0	
1.3262919605	0.339899724765	0.0	
1.14215253141	0.516958843387	0.0	
1.59238240441	0.638069834624	0.0	
0.179981856328	1.53296179664	0.0	
0.200525044897	0.606648123974	0.0	
0.325830293122	0.82141493287	0.0	
1.4155954535	0.450153970924	0.0	
0.072841801379	0.669968702443	0.0	
0.670071316026	0.0735017733333	0.0	
0.318538723551	1.61904839748	0.0	
1.44700219071	0.592066001473	0.0	
1.4318819415	0.685544357711	0.0	
0.527145385924	0.640993526474	0.0	
0.0715279314759	1.17231505574	0.0	
1.17231505602	0.0715279321427	0.0	
1.67161285545	0.0716168752801	0.0	
0.071616875129	1.67161285509	0.0	
0.695597888201	0.796870622544	0.0	
1.51209817417	0.70367582828	0.0	
1.04467320792	0.723171444812	0.0	
0.315558073418	1.34843128092	0.0	
0.752152790069	1.1373750514	0.0	
0.796123719742	0.554192293206	0.0	
0.535054546016	0.883442448054	0.0	
1.33565801174	0.554200753696	0.0	
0.067207076222	0.968096910665	0.0	
0.96508494594	0.0668926766931	0.0	
1.20429654652	0.620302647022	0.0	
0.665095289549	1.7628590948	0.0	
1.76243381078	0.335051195572	0.0	
0.241629796213	1.65727086942	0.0	
1.08167819324	0.63201054012	0.0	
1.82771688691	0.442790140594	0.0	
0.556669104426	1.82813143979	0.0	
0.298264867216	1.48857434916	0.0	
1.28380364885	0.735794482578	0.0	
0.792311148173	1.75817102187	0.0	
1.7581781164	0.791990273746	0.0	
1.15433310311	0.930291428206	0.0	
0.0700373812419	0.328956169248	0.0	
0.328531998285	0.067768752946	0.0	
0.160176211141	0.956314613786	0.0	
0.192717458171	0.884424232752	0.0	
0.95435281564	0.164633133572	0.0	
0.485314986685	0.272061134209	0.0	
0.333012200837	0.273185801131	0.0	
0.184602041282	0.297409264462	0.0	
0.977969054458	0.801657695	0.0	
0.717995886038	0.89021105254	0.0	
0.177069992796	1.05084766075	0.0	
1.05942993845	0.17968602536	0.0	
0.654270366764	0.928587709431	0.0	
0.0659290310647	0.0764736796893	0.0	
1.34846649212	0.411862391377	0.0	
0.180650804615	1.20006337868	0.0	
1.20006337951	0.180650803343	0.0	
0.321625416053	1.93071270228	0.0	
1.93071270225	0.678374583789	0.0	
0.535670923493	0.153919105088	0.0	
0.155130261062	0.538016020157	0.0	
0.166257037151	0.729182314613	0.0	
0.933662889169	0.385712564769	0.0	
0.747939463093	0.682528841425	0.0	
1.46983199665	0.935680880639	0.0	
0.935680880487	1.46983199599	0.0	
0.336271458732	1.77928756191	0.0	
1.78046332815	0.665236168719	0.0	
0.933759077811	1.04610140693	0.0	
0.72150736075	1.27983433993	0.0	
0.786379130554	1.26290792912	0.0	
1.69666580512	0.382764879255	0.0	
0.445372584765	1.28534857446	0.0	
0.392806192524	1.59293178478	0.0	
0.454786393212	0.474172608194	0.0	
0.63295296948	1.70849257252	0.0	
1.05037791022	0.321997352732	0.0	
1.06634182669	0.393221617679	0.0	
1.20543963322	0.553205255616	0.0	
0.374393848943	1.05722130236	0.0	
0.705485168374	1.42932668863	0.0	
0.686363720028	0.26746543033	0.0	
0.0642683022563	0.517886916016	0.0	
0.517886916849	0.0642683027572	0.0	
0.273364768359	0.593576844536	0.0	
0.324544804098	0.534368541644	0.0	
0.882204907668	0.506869190303	0.0	
1.28722598041	0.460845592556	0.0	
1.46841626755	0.0673556212625	0.0	
0.066273995679	1.46831072559	0.0	
1.18016261946	0.723886556274	0.0	
0.432110158863	0.740803865428	0.0	
1.03213114414	0.937203432939	0.0	
0.631836649229	0.360802298699	0.0	
1.64973061895	0.745391864597	0.0	
0.630540903617	0.698070978297	0.0	
0.571574841762	1.12897715576	0.0	
0.40658296803	0.329447301321	0.0	
0.508974155932	1.93675482714	0.0	
1.93676150809	0.491021388298	0.0	
1.11723394372	0.848002303076	0.0	
0.94295120171	1.17447943367	0.0	
0.291210938551	1.00249393721	0.0	
0.30177334174	0.92371765943	0.0	
0.461477621373	0.801127174905	0.0	
1.04662064603	0.063581140832	0.0	
0.06358114098	1.04662064542	0.0	
1.3729656941	0.0653169644136	0.0	
0.0659601320006	1.374881917	0.0	
0.937003780041	1.57826997435	0.0	
1.57825314428	0.937029449891	0.0	
0.532192595891	1.34660778365	0.0	
0.825755271172	1.4533677486	0.0	
1.45921994102	0.823630568348	0.0	
1.08393285199	0.480231319408	0.0	
1.20483977019	0.316295352731	0.0	
1.5165007809	0.446800937659	0.0	
0.987345687075	0.273618816097	0.0	
0.521851279418	1.19686390061	0.0	
0.451007984919	1.17577155098	0.0	
0.140150813885	0.176974586571	0.0	
0.303096925852	0.679745811421	0.0	
0.373432262464	0.46723577107	0.0	
0.349575576487	0.395358170639	0.0	
0.457884670422	1.42388012299	0.0	
0.35802585816	1.46984769311	0.0	
0.573765806353	0.534533729722	0.0	
0.92619451904	1.74941161778	0.0	
1.74941161822	0.926194519187	0.0	
0.162643546286	0.438271887763	0.0	
0.861184299443	1.0720146227	0.0	
0.635584734952	1.24261430811	0.0	
0.409605361541	1.3672569586	0.0	
1.03706068287	0.860034166289	0.0	
0.221627580934	0.150690433535	0.0	
0.939137419772	1.40300397964	0.0	
1.40369211959	0.939300305252	0.0	
0.615033280534	0.162967671801	0.0	
0.23944506502	1.12378095066	0.0	
1.12193698692	0.272754884058	0.0	
0.0671599944991	0.44595846365	0.0	
0.44946059107	0.0724710676264	0.0	
1.62614985024	0.295456965499	0.0	
1.48824450384	0.153929241586	0.0	
0.164823593453	1.47802695936	0.0	
0.835894950516	1.16264853523	0.0	
0.425140465472	1.68983130834	0.0	
1.70032652051	0.575221638154	0.0	
1.15646409516	0.646048780878	0.0	
1.27350454926	0.529316031421	0.0	
1.76527129286	0.163920489423	0.0	
0.163419039312	1.76436118264	0.0	
1.57259719954	0.780313520498	0.0	
0.977161166578	0.959340880733	0.0	
0.905466746701	0.94528620392	0.0	
0.837738515575	0.950655188308	0.0	
0.278825776136	0.8028606624	0.0	
1.93831587243	0.396443567816	0.0	
0.602916884954	1.9381125231	0.0	
0.128886260177	0.0419536316018	0.0	
0.057008582595	0.127907873088	0.0	
0.562404959169	0.45555814481	0.0	
0.538733032293	0.362462694407	0.0	
0.926652933617	0.585382269209	0.0	
1.18952632584	0.439031419075	0.0	
0.836951279675	1.25884938792	0.0	
1.69012161709	0.169047977298	0.0	
0.156403340698	1.68964911343	0.0	
1.65293008881	0.676119352247	0.0	
0.309593957028	0.15632843481	0.0	
0.0578779805779	1.93935275134	0.0	
0.943391811035	1.93792865182	0.0	
1.93792865187	0.94339181109	0.0	
1.93935275141	0.0578779804761	0.0	
0.587345466745	0.861051043122	0.0	
0.678434575927	0.463461422399	0.0	
0.87157907824	1.76528232598	0.0	
1.76528232637	0.871579078525	0.0	
0.382571902446	1.15065472704	0.0	
0.316704291384	1.18316232599	0.0	
1.493843825	0.555180253282	0.0	
0.596458066946	0.632918682138	0.0	
0.880095583941	0.0572561132455	0.0	
0.0579740456583	0.879776795628	0.0	
0.0602980015017	1.25105154961	0.0	
1.25105155095	0.0602980012019	0.0	
0.938464337774	1.85457821243	0.0	
1.85457821267	0.938464337879	0.0	
0.114483307912	1.17055341615	0.0	
1.17055341649	0.114483308082	0.0	
0.423286533939	0.141621455397	0.0	
0.543220207337	1.74291911558	0.0	
1.73763322277	0.461086489033	0.0	
0.686247828386	0.332785059422	0.0	
0.76317151843	1.5508291364	0.0	
1.54548556212	0.0666381835966	0.0	
0.0666593688134	1.54549478384	0.0	
0.504765578477	1.06657552635	0.0	
1.84857724672	0.504694550606	0.0	
1.75498155124	0.0632599350354	0.0	
0.0632599350405	1.75498155083	0.0	
0.497487497327	1.84185350288	0.0	
1.84996788738	0.694639248411	0.0	
1.85021688547	0.300734490891	0.0	
0.302378870253	1.84822354628	0.0	
0.69507135432	1.85136469749	0.0	
0.35707406633	1.26087997006	0.0	
0.309025028775	1.053299479	0.0	
0.280299225972	0.502893028029	0.0	
1.20826643824	0.934275217581	0.0	
0.859247380473	1.379309786	0.0	
1.38347406485	0.857208338324	0.0	
1.83983853398	0.767564636778	0.0	
0.228901083108	1.83940423986	0.0	
0.773314437484	1.84898825227	0.0	
1.83600420263	0.231166405431	0.0	
0.999061343946	0.39718003279	0.0	
0.12421583881	0.335704977937	0.0	
0.0679061087777	0.248607742538	0.0	
0.249016227544	0.059305465509	0.0	
0.219355032087	0.820538316692	0.0	
0.567465714548	0.757453743998	0.0	
0.631737223769	0.451113159882	0.0	
1.9506672828	0.5559628573	0.0	
0.444037142198	1.9506672828	0.0	
1.7477268288	0.545877560151	0.0	
0.453033124358	1.74833629987	0.0	
0.190413615059	0.479819303166	0.0	
0.16252846301	0.244379385598	0.0	
0.930318205353	0.991850708677	0.0	
1.94576367003	0.769556544268	0.0	
1.942309119	0.225206708863	0.0	
0.223379901354	1.94467073216	0.0	
0.765627671491	1.9442656885	0.0	
0.783436957155	1.06873092763	0.0	
1.00685935325	0.20122066384	0.0	
0.200718122296	1.00618066801	0.0	
1.8584402491	0.0594389869778	0.0	
0.0594389870577	1.85844024892	0.0	
0.546080553269	1.24409740027	0.0	
0.793131291861	0.698279886331	0.0	
0.870686841181	0.148435929509	0.0	
0.49087632987	1.53297101506	0.0	
0.915582311566	0.740223281684	0.0	
0.722871350056	0.370701394326	0.0	
0.0503148627772	0.623875892592	0.0	
0.62091808526	0.0513997022853	0.0	
0.944025931485	1.68835742586	0.0	
1.68835742646	0.944025931463	0.0	
0.727363614711	1.18495081505	0.0	
1.30010131813	0.937440715007	0.0	
1.37807822575	0.315948810027	0.0	
1.74605870164	0.743500015017	0.0	
0.742350070345	1.74896947555	0.0	
0.919828074248	0.895766921188	0.0	
0.131784146122	1.94615564945	0.0	
1.94718913541	0.865803794238	0.0	
1.94615564969	0.131784146088	0.0	
0.865803794044	1.94718913548	0.0	
0.733687020134	1.00775396787	0.0	
0.537668349716	0.56608677638	0.0	
1.25290799217	0.344400949122	0.0	
1.58548132017	0.588668876965	0.0	
0.147653547668	0.606002489632	0.0	
0.775993265299	1.32837201719	0.0	
0.230982413349	1.40153971579	0.0	
1.01089563355	0.571431646635	0.0	
0.672090936262	0.217992566091	0.0	
0.409360723291	0.840075123154	0.0	
0.664743113069	1.35247336966	0.0	
0.470566826252	0.521879805377	0.0	
0.131280332659	1.57717451362	0.0	
0.399048236243	1.01287787203	0.0	
0.121932224937	0.852212676161	0.0	
1.31549452656	0.769895698345	0.0	
1.09267446016	0.752808055206	0.0	
1.57454152518	0.132679526594	0.0	
0.908894641158	0.250539319403	0.0	
0.298321564236	1.53932749557	0.0	
0.631836857127	0.545792848768	0.0	
0.745483921943	1.6595029577	0.0	
1.23879277472	0.243208545686	0.0	
0.24495403061	1.23581347205	0.0	
0.641251029901	1.17944586132	0.0	
0.240612753925	0.240834492782	0.0	
0.443706161941	1.23045419605	0.0	
0.409807155907	1.86917414426	0.0	
1.86927830421	0.590202072231	0.0	
0.776271895254	0.0517276179175	0.0	
0.0527688120595	0.777751179643	0.0	
1.13485609355	0.372586052643	0.0	
0.266568758496	1.73855729965	0.0	
1.7388402804	0.26187500546	0.0	
1.52014270446	0.764627561143	0.0	
0.361227268964	0.124919412034	0.0	
1.01220072277	0.686160778071	0.0	
0.218477885494	0.342640609045	0.0	
0.879034702404	1.8468781625	0.0	
1.84687816271	0.879034702585	0.0	
0.375999845534	0.744162209022	0.0	
1.58780715742	0.515400142176	0.0	
1.64220166209	0.483727251177	0.0	
0.952913223497	0.847648442862	0.0	
0.362820599142	0.226231156602	0.0	
1.01213101726	0.51041654513	0.0	
0.212651312176	1.79555560255	0.0	
1.79460883094	0.212177096593	0.0	
0.782250762161	0.212509959408	0.0	
0.746838505071	0.172970673698	0.0	
0.961444064386	0.307765232108	0.0	
1.58970044434	0.228319090048	0.0	
0.612696924617	0.906276872578	0.0	
0.423336447036	0.903162533783	0.0	
0.884216732715	1.58116384525	0.0	
1.57870004181	0.881416005955	0.0	
0.51937648939	1.28626290194	0.0	
0.787099649512	1.63265106519	0.0	
0.4770016207	1.573428212	0.0	
0.524489627982	1.63858046216	0.0	
0.566824828822	1.61886075109	0.0	
0.868951822063	1.48422544533	0.0	
1.48422544582	0.868951822593	0.0	
0.76449911462	0.258721948892	0.0	
0.147704092972	1.88771960538	0.0	
1.88771960559	0.147704092887	0.0	
1.39025430742	0.224884355684	0.0	
0.719597723875	0.430750422339	0.0	
0.581976534487	1.54105964802	0.0	
0.54444547422	1.08761842137	0.0	
0.394040556633	1.51587340038	0.0	
0.286280038472	0.329303593862	0.0	
1.48420285575	0.664692022893	0.0	
0.356288825246	1.71019368764	0.0	
1.70888866383	0.644601920995	0.0	
0.766935758982	0.966200937288	0.0	
1.94580434056	0.285929405189	0.0	
0.71086267306	1.94406774679	0.0	
0.823746259139	0.433516864369	0.0	
0.188291056371	0.693432098832	0.0	
0.207289464565	1.59918707945	0.0	
0.263723159744	0.166990177388	0.0	
0.62716831984	0.108906753795	0.0	
0.778252567496	0.460497847633	0.0	
0.612674547796	1.89048404143	0.0	
1.88980135504	0.383916013199	0.0	
0.618804928061	1.12801667188	0.0	
1.24427851631	0.441556554968	0.0	
0.453541552327	0.389166836537	0.0	
1.52369669193	0.953318704234	0.0	
0.95329058143	1.5237151306	0.0	
1.18618181562	0.810657358797	0.0	
1.23184789826	0.844020616103	0.0	
0.587794997241	0.351372328466	0.0	
0.237610512039	1.5383728315	0.0	
0.957308233932	1.22835357322	0.0	
1.3053181691	0.884945543392	0.0	
0.741357370856	1.23674452337	0.0	
0.871662555988	0.82949751585	0.0	
0.823331862936	0.864984494793	0.0	
0.499775944344	0.994225289827	0.0	
0.0513453117315	0.716608713406	0.0	
0.71689458704	0.0495768875607	0.0	
0.266472139656	0.717201834024	0.0	
1.50986792898	0.272970485566	0.0	
1.53364197635	0.319427163155	0.0	
0.886513814112	1.30082795704	0.0	
1.10576355069	0.558513270801	0.0	
0.113539418828	1.37325299257	0.0	
1.37093854166	0.112573352226	0.0	
0.244632180528	1.29116117374	0.0	
1.29221420721	0.245565204782	0.0	
1.6305529895	0.790998189837	0.0	
0.540713367379	1.4579744149	0.0	
0.616700085207	1.42112120135	0.0	
0.17198048867	0.137411524573	0.0	
1.09863854338	0.22431502634	0.0	
0.890861117171	0.369421180507	0.0	
0.949032832291	1.31590886742	0.0	
0.931757105657	0.69604616398	0.0	
0.690275890249	1.63910878271	0.0	
0.683619073975	1.58410716574	0.0	
1.42348909394	0.0405521679153	0.0	
0.0395624233375	1.42365729718	0.0	
1.07182748479	0.948846559164	0.0	
0.583890232952	1.34006732064	0.0	
0.147368362603	1.088315766	0.0	
1.08929148284	0.145576852595	0.0	
0.788200332733	0.108286009589	0.0	
0.111736022669	0.791083448439	0.0	
0.728335942574	0.757966671841	0.0	
0.826923430801	1.72913706075	0.0	
0.84209783113	1.67045772639	0.0	
1.72892297894	0.826105851618	0.0	
1.67028119622	0.842687161355	0.0	
0.630370157767	1.50688114648	0.0	
0.199748723992	1.31645686846	0.0	
0.159506588396	1.29408274851	0.0	
1.31539181915	0.202520009208	0.0	
1.29390524056	0.159968469026	0.0	
0.661253847009	1.40259452552	0.0	
0.706211594417	1.48126368833	0.0	
1.13240675137	0.0473615888611	0.0	
0.047361588613	1.13240674924	0.0	
0.872184261782	0.671351395396	0.0	
0.875116047187	0.618027541409	0.0	
1.43283275928	0.317677025553	0.0	
1.56272072148	0.408208030406	0.0	
1.60561820099	0.415229922064	0.0	
0.282565597888	1.66172137726	0.0	
1.05754723401	0.591826990348	0.0	
1.53307464818	0.504728687202	0.0	
0.703331719003	0.669222765513	0.0	
0.869243502174	0.455338310956	0.0	
0.712251426786	0.132907130461	0.0	
0.289476874784	1.08889216935	0.0	
0.680552334611	1.02496987357	0.0	
0.666765864825	1.0704827531	0.0	
0.26277959219	0.426942220251	0.0	
0.872324831241	0.7757288216	0.0	
0.109067889073	1.47208382111	0.0	
1.47654150076	0.110564632038	0.0	
1.43037459637	0.49477988384	0.0	
0.558020781181	1.95040914645	0.0	
1.95040914646	0.441979218621	0.0	
0.0476417561741	0.565843254487	0.0	
0.565092815601	0.0431064202827	0.0	
1.79785329138	0.621668996563	0.0	
0.376859209923	1.79634126475	0.0	
1.32510169651	0.290769573157	0.0	
0.215406524686	0.396920792023	0.0	
0.824336685291	1.04881886627	0.0	
0.752536496474	1.40435614194	0.0	
0.833721239712	0.583931113435	0.0	
0.807076019718	1.87270513149	0.0	
1.87108301285	0.806401289924	0.0	
1.15881033305	0.305600067049	0.0	
1.81165263258	0.402868422078	0.0	
0.104949817449	0.638932556554	0.0	
0.596685704785	1.81202105142	0.0	
0.841509046463	0.296488537813	0.0	
0.0450452492434	0.369158549308	0.0	
0.372611346943	0.0433141814462	0.0	
0.959590719206	0.620642657957	0.0	
1.55000246403	0.6751728123	0.0	
1.50321745429	0.360649480266	0.0	
0.283762674989	0.638116559953	0.0	
0.824083739758	0.747222904402	0.0	
0.106881542654	1.63537341635	0.0	
1.63558418492	0.107802911889	0.0	
1.7104713108	0.0434947633975	0.0	
0.043494763231	1.71047131025	0.0	
1.45917559774	0.450710710975	0.0	
0.332413848829	1.88726103966	0.0	
1.88755176325	0.66708917081	0.0	
0.289903925578	0.270080874238	0.0	
0.384601606253	0.369848460733	0.0	
1.27159975141	0.808684582271	0.0	
1.16624646836	0.210139643736	0.0	
0.210066620803	1.1653542692	0.0	
0.107487677858	0.697547611317	0.0	
0.407023460233	0.208749111873	0.0	
0.932480308366	0.03969468117	0.0	
0.0398667363179	0.932929168579	0.0	
1.05321858991	0.675254358642	0.0	
0.612260848993	1.60746272878	0.0	
1.80180762805	0.132350477715	0.0	
0.132350477834	1.80180762772	0.0	
0.830091586192	0.20981818004	0.0	
0.506449247647	0.187267594438	0.0	
0.452657966282	1.49654010038	0.0	
1.53611497212	0.232072285684	0.0	
0.632371864675	0.608901355217	0.0	
0.913697693017	0.158231257292	0.0	
0.780777742006	0.50949608794	0.0	
0.739781714804	0.550058582375	0.0	
0.961548038373	1.12562373127	0.0	
1.00482223825	0.753932122163	0.0	
0.792765235013	0.301840259888	0.0	
1.69072789308	0.253054545853	0.0	
0.7784724445	0.787312761055	0.0	
1.58541068435	0.319587190452	0.0	
0.776519212852	0.646856632093	0.0	
0.676757844854	0.507913381434	0.0	
0.191151266815	1.66249990165	0.0	
0.82861745724	0.382391634541	0.0	
0.199913457763	1.8750759015	0.0	
1.87507590159	0.199913457472	0.0	
0.568316301447	0.189561621331	0.0	
1.65880160461	0.192241573462	0.0	
0.40930715333	1.41454461974	0.0	
1.45557934847	0.362559837487	0.0	
0.869612857785	1.11952184083	0.0	
0.415834863718	1.0611655919	0.0	
0.537539172729	1.51314040882	0.0	
0.32394472661	1.43815131247	0.0	
0.508229585085	1.89084878753	0.0	
0.294578435401	1.14375336115	0.0	
1.20976690105	0.88946961507	0.0	
0.294746708856	1.22042024749	0.0	
0.366585085615	0.634797086348	0.0	
1.89164780993	0.492023624221	0.0	
0.620558706753	0.958518173578	0.0	
0.590060492488	1.0035548261	0.0	
0.115841180151	0.226570394934	0.0	
0.770931844794	1.50720209483	0.0	
0.0434766523569	0.173997959607	0.0	
0.174844545725	0.0424134269358	0.0	
1.88624843444	0.849988671902	0.0	
0.850892823684	1.88614216446	0.0	
1.61905870959	0.959507452223	0.0	
0.95950483289	1.6190604268	0.0	
0.606146043181	0.727332543979	0.0	
0.793717526891	1.14341617545	0.0	
1.36879218633	0.576436565596	0.0	
1.32014814466	0.603477111495	0.0	
0.456725124199	1.12860663603	0.0	
0.837420433071	0.532085888241	0.0	
1.80918381866	0.326183894837	0.0	
0.683659669	1.80514684714	0.0	
0.279516187757	1.37095063089	0.0	
0.994870726557	0.841433543893	0.0	
1.33227258724	0.0423877564571	0.0	
0.0424796371641	1.33254633057	0.0	
0.327476268448	1.29971879799	0.0	
0.452952188713	0.975363084946	0.0	
0.113806606216	1.84836521436	0.0	
1.84836521461	0.113806606103	0.0	
1.94892461158	0.71747340547	0.0	
0.279917701237	1.95176736299	0.0	
0.97755452766	0.47783167921	0.0	
1.25691620057	0.95506057102	0.0	
0.698276519409	0.180134738913	0.0	
0.827677310225	1.20997807874	0.0	
1.74643612627	0.693170125523	0.0	
1.43870285486	0.222066000618	0.0	
0.962576519919	1.775406562	0.0	
1.77540656218	0.962576519948	0.0	
0.363819883724	1.36004337092	0.0	
0.806859340447	1.56513640294	0.0	
0.960423480148	0.118307554342	0.0	
0.764954451235	0.870155127253	0.0	
0.780459402148	0.351952730473	0.0	
0.847753560363	1.54062862443	0.0	
1.55976872261	0.834661316752	0.0	
0.918917331031	0.539842221057	0.0	
0.367257669532	0.511440850802	0.0	
0.369516370324	0.560103970561	0.0	
0.550206055431	1.7887366116	0.0	
1.78520434225	0.451908195657	0.0	
0.86226263404	0.252917817408	0.0	
0.708285353804	0.624250526072	0.0	
1.36701249836	0.964507495156	0.0	
0.959110342398	1.36531287153	0.0	
0.837279357507	1.00122807685	0.0	
0.307943841443	1.7454199084	0.0	
1.39362777692	0.408925384389	0.0	
0.892896988777	1.16597571798	0.0	
0.584843971475	0.809760205625	0.0	
0.527808053174	0.450349363208	0.0	
0.155860933612	0.907189707807	0.0	
0.67208756242	0.761277949869	0.0	
1.07928788679	0.439839048475	0.0	
0.109392259417	0.438613945393	0.0	
0.192630361487	0.768874117183	0.0	
0.31282192877	0.3764483609	0.0	
1.46398544382	0.267644178911	0.0	
1.62739917838	0.601816050472	0.0	
0.407078568791	0.651348441448	0.0	
0.230794418536	0.489613555702	0.0	
0.545429473555	0.983434869019	0.0	
0.108866254327	1.05665002895	0.0	
1.05418702917	0.108543382948	0.0	
1.18394954195	0.68348331074	0.0	
0.401549571281	1.27002583228	0.0	
0.358911908716	1.95562989851	0.0	
1.95562989848	0.641088090993	0.0	
1.47071050263	0.713838455724	0.0	
0.239468780851	1.44139983883	0.0	
1.82066087399	0.0403380391311	0.0	
0.0403380391495	1.82066087374	0.0	
0.282404792933	1.32003729936	0.0	
0.193239583246	1.36866989393	0.0	
0.958382026322	1.89818092292	0.0	
1.89818092305	0.958382026395	0.0	
0.678829564069	0.970327767039	0.0	
0.042183448714	0.290865413227	0.0	
0.290147562025	0.0407082686486	0.0	
1.08649823291	0.0403599280626	0.0	
0.0403599280395	1.08649822947	0.0	
1.10258221845	0.80381861376	0.0	
0.964175042717	0.665479168051	0.0	
0.0414044751064	1.00643783912	0.0	
1.00551059918	0.0423011621977	0.0	
0.634539268726	1.04222473029	0.0	
0.861740444189	0.105501272588	0.0	
0.499203569087	0.304021401073	0.0	
0.197642990978	0.931288159179	0.0	
0.244229882166	0.910692864805	0.0	
0.183787303284	0.565061548382	0.0	
1.23433317749	0.391291962611	0.0	
1.58359007282	0.0381843320339	0.0	
1.62932284133	0.0455090590581	0.0	
0.0381913900416	1.58359314399	0.0	
0.0454434464531	1.62930814991	0.0	
1.3646620962	0.522090108232	0.0	
0.123814328053	0.391134818377	0.0	
0.20254303286	0.264026788284	0.0	
0.378562999256	1.10755153446	0.0	
1.01782137736	0.243205947868	0.0	
0.817054258104	1.34593338924	0.0	
1.20981863389	0.0409873647676	0.0	
0.0409873641974	1.20981863165	0.0	
0.278387169426	0.549611474291	0.0	
0.176754525787	1.96228151082	0.0	
1.96336105602	0.825000000479	0.0	
1.96180918828	0.177119887846	0.0	
0.824999999601	1.96336105628	0.0	
0.0383252233436	0.826565146469	0.0	
0.826640496019	0.0382412644298	0.0	
1.35136966741	0.810480130628	0.0	
0.747268551045	0.921274089896	0.0	
0.49662097612	1.39135239285	0.0	
1.53139386623	0.59281960326	0.0	
0.840637845417	0.908592241962	0.0	
0.583834771429	1.05713747682	0.0	
0.243335577677	1.02066768356	0.0	
1.44284335017	0.544116751516	0.0	
0.359238075031	0.843883437428	0.0	
0.320048758865	0.872356659294	0.0	
1.12263949305	0.962164241772	0.0	
0.689711638448	1.89805773007	0.0	
1.88211471686	0.337080431374	0.0	
0.408822167517	0.559665972631	0.0	
0.312413488974	0.965923446012	0.0	
0.356827199121	0.936424163217	0.0	
0.331778319985	1.66712575305	0.0	
1.65849574296	0.313824115318	0.0	
1.16572945134	0.480350179721	0.0	
0.114173264671	1.68844348428	0.0	
1.68849328591	0.115162040519	0.0	
0.626885195177	0.821372009773	0.0	
0.909273567137	0.424327640095	0.0	
0.403998704794	1.63414458078	0.0	
0.933690250276	0.499540857886	0.0	
1.27069468854	0.694164123566	0.0	
1.25504956338	0.641453178292	0.0	
0.887515076338	1.24872640679	0.0	
1.4322996162	0.735846958777	0.0	
1.39475030125	0.757037848664	0.0	
0.524719177693	0.267257957771	0.0	
0.577218316209	0.26607298518	0.0	
1.31800926221	0.709157192917	0.0	
1.36146079776	0.678493180866	0.0	
0.93753503289	0.3463551273	0.0	
0.67364869601	1.50518071849	0.0	
0.329623094173	0.199346247558	0.0	
1.17034201093	0.343702474819	0.0	
0.10982017669	1.7729221963	0.0	
1.77310421864	0.109920466656	0.0	
0.500755194363	1.4355715877	0.0	
1.08576338929	0.354612928129	0.0	
1.03324053586	0.361995374786	0.0	
1.182967894	0.763568234374	0.0	
1.23104048703	0.736898755665	0.0	
0.200987367929	1.087380331	0.0	
0.710892798051	0.586771297512	0.0	
0.413666370419	0.472915567225	0.0	
0.530833037862	0.730780656347	0.0	
0.516328491136	0.68545856149	0.0	
0.48931644629	0.638327838572	0.0	
0.450573578092	0.615573578448	0.0	
0.526661510542	0.767495846944	0.0	
0.603844123145	1.6414825632	0.0	
0.909550657733	0.853952454806	0.0	
0.468545038504	0.906472276009	0.0	
1.38378246168	0.181150531816	0.0	
1.16263568271	0.555070099838	0.0	
0.0908599725178	0.154805703731	0.0	
1.66285796456	0.525951070928	0.0	
0.930943425451	0.200888315165	0.0	
0.320197644229	1.39224130247	0.0	
0.956277789095	0.764738934471	0.0	
1.14343944018	0.738392669144	0.0	
0.670738237929	1.96597084407	0.0	
1.96749964663	0.328542863945	0.0	
0.581647619176	1.3827424219	0.0	
1.12274147225	0.481896402697	0.0	
0.42602638198	1.32473150276	0.0	
1.3627338567	0.369964283512	0.0	
1.39455030266	0.708086961228	0.0	
0.0371667024638	0.424137099644	0.0	
0.423981221069	0.0388412487645	0.0	
0.773661719233	1.79915966961	0.0	
1.79623639237	0.774814346419	0.0	
1.59433500153	0.182872148549	0.0	
1.17670650573	0.966794139005	0.0	
1.43548898604	0.406445691264	0.0	
0.463260852386	1.07493295721	0.0	
0.618632990394	1.32336033649	0.0	
0.243431867437	1.69952673639	0.0	
0.119830915701	1.32069563684	0.0	
0.112955614724	1.27552501366	0.0	
1.32132710133	0.118316259242	0.0	
1.27552501426	0.112955614289	0.0	
0.155547670995	1.38786494648	0.0	
1.40170680133	0.143110803531	0.0	
1.52418172029	0.157255792129	0.0	
0.613479378359	1.28178533332	0.0	
0.473236006846	0.157659012674	0.0	
1.59850173333	0.372557940047	0.0	
1.68208188944	0.470137756767	0.0	
0.530014800847	0.941738093455	0.0	
0.682482761627	1.26888282518	0.0	
1.2767772033	0.854025100768	0.0	
0.966200047032	1.275	0.0	
0.954706521509	1.07939878448	0.0	
0.236387312559	0.624386786075	0.0	
1.4302407317	0.786613943821	0.0	
1.4202623079	0.833295828699	0.0	
0.0417867673627	1.90241576805	0.0	
1.90241576818	0.0417867672721	0.0	
1.37605930213	0.44752662832	0.0	
0.970988795794	0.58248665112	0.0	
0.541099456925	0.412974565866	0.0	
1.32056928093	0.379106683295	0.0	
0.776623088716	1.36714793502	0.0	
0.318484521375	0.575090839347	0.0	
0.451699656159	0.434133312401	0.0	
1.40796272405	0.583647712332	0.0	
1.84660678993	0.546607639632	0.0	
0.700123154585	1.74119556482	0.0	
0.452400705188	1.84239809359	0.0	
1.48618724837	0.613751900842	0.0	
0.647356026179	0.185625675098	0.0	
1.50705985807	0.190988146511	0.0	
1.37390620568	0.269926205149	0.0	
1.28990440218	0.327472565125	0.0	
0.136409797328	1.4323811166	0.0	
0.855974075413	0.33770017605	0.0	
0.403584938074	1.9577879935	0.0	
1.95778799351	0.596415061492	0.0	
0.362834766681	1.62713392662	0.0	
0.5876582183	1.24937545085	0.0	
0.188180788378	0.645378229845	0.0	
1.8966092394	0.780303363389	0.0	
0.780067668087	1.90068332383	0.0	
0.150674431955	0.0866551077066	0.0	
0.276440619048	0.953669018863	0.0	
0.332237443096	0.485964519527	0.0	
1.04123929264	0.902132733743	0.0	
1.64848979088	0.392592308644	0.0	
0.333047979118	0.77531584215	0.0	
0.830163258546	0.129188214709	0.0	
1.08518845636	0.301889436777	0.0	
0.961708194917	0.423937370103	0.0	
0.672895299571	0.593535837523	0.0	
0.226153529464	0.713214592315	0.0	
0.172933896985	0.851651392694	0.0	
0.734949486745	0.799643531004	0.0	
0.716898823308	0.843443433955	0.0	
0.492571163893	0.371280649216	0.0	
0.485454831923	1.19813246834	0.0	
1.22851439446	0.587156795241	0.0	
0.340927005518	1.21968151922	0.0	
1.03563794892	0.413109836963	0.0	
1.10114564082	0.600011900826	0.0	
0.964610427205	1.02934500431	0.0	
1.74027069657	0.306821793378	0.0	
0.493975624491	0.228411688916	0.0	
0.698616394424	0.925070518272	0.0	
0.458068129516	1.80184102324	0.0	
1.78177356134	0.575502136317	0.0	
0.671576798393	0.0348956726359	0.0	
0.0341587226299	0.672921899332	0.0	
1.52886199941	0.860167123638	0.0	
0.583429758325	1.85570949228	0.0	
1.85526215647	0.415344942742	0.0	
0.342652605175	1.57987478023	0.0	
0.61849806921	0.253068687934	0.0	
1.44318949957	0.639079762452	0.0	
1.20321354495	0.218581594846	0.0	
0.218780261184	1.20261564777	0.0	
1.8800104931	0.629553041408	0.0	
0.370388863956	1.87996354372	0.0	
1.63396156936	0.447942591162	0.0	
0.0413298919158	0.0430873333082	0.0	
1.28659618956	0.0360020376249	0.0	
0.0360204137707	1.28665093554	0.0	
0.447286505232	1.38996709576	0.0	
0.66962819236	1.54403742596	0.0	
1.60480484178	0.679871508768	0.0	
0.318783170549	0.10443731544	0.0	
1.40254583317	0.659738548722	0.0	
0.0938183423414	1.14278099723	0.0	
1.14278099761	0.0938183429304	0.0	
1.91789677538	0.57096939006	0.0	
0.429028613456	1.91787864262	0.0	
0.407310667472	1.18465482253	0.0	
0.632934227565	1.78821875961	0.0	
0.0320957149325	1.67331242743	0.0	
1.67331392718	0.032102410423	0.0	
0.227789818174	0.869151475735	0.0	
1.07540058807	0.834862612235	0.0	
0.295381567587	1.58746632836	0.0	
0.0888368822376	0.365932021242	0.0	
0.326424833105	1.81828903607	0.0	
1.81829667705	0.673574964417	0.0	
0.652632135573	1.88326542931	0.0	
1.78847116144	0.368099203933	0.0	
0.0861882055499	1.00958862516	0.0	
0.114981946821	0.974207919556	0.0	
1.00528258466	0.0848240772144	0.0	
0.204289953744	1.44972413614	0.0	
1.89766605815	0.304900173645	0.0	
0.961343077268	1.43934761455	0.0	
1.43934761525	0.961343077227	0.0	
0.519166921676	0.605744132719	0.0	
0.963959355108	1.81915001942	0.0	
1.81915001961	0.963959355138	0.0	
0.263343634551	1.50367885731	0.0	
0.0882544192406	1.96008559506	0.0	
1.95984857531	0.913896767631	0.0	
1.96008559516	0.0882544192171	0.0	
0.913896767622	1.95984857534	0.0	
0.678967568993	0.11182545019	0.0	
1.80821608384	0.531446457179	0.0	
0.42137768127	1.77895523703	0.0	
0.508391190822	0.53717738121	0.0	
0.778655302389	1.10790789079	0.0	
1.52131471309	0.396857357341	0.0	
1.66324659512	0.280974882976	0.0	
0.672814445016	0.88510673499	0.0	
0.567410460507	0.907847740773	0.0	
0.786650320422	0.595450057754	0.0	
0.0828840289461	1.21239922047	0.0	
1.21239921989	0.082884029679	0.0	
0.703431774042	1.31947588368	0.0	
1.54318163525	0.729042438209	0.0	
0.159404286953	1.00319853751	0.0	
1.001579937	0.160818597164	0.0	
0.745329174452	0.72211655589	0.0	
0.336757533196	1.50408601833	0.0	
0.0369043827828	0.214514786102	0.0	
0.214514787029	0.0369043826251	0.0	
0.669215147372	0.832598132883	0.0	
0.610712565852	1.46047940566	0.0	
1.14792557113	0.822582116363	0.0	
1.1081100699	0.669935759907	0.0	
0.754487684754	1.70056466563	0.0	
0.776111687478	1.59237377539	0.0	
0.307836020756	0.41671195819	0.0	
1.63017021783	0.643107110254	0.0	
1.17750389687	0.591494152706	0.0	
0.261604391598	0.465389145155	0.0	
0.558053000756	0.616358086637	0.0	
0.560050293231	0.660694057936	0.0	
0.503469404562	0.909889991956	0.0	
0.277190652439	0.755994213396	0.0	
0.273451377749	1.45839415938	0.0	
0.134799198164	0.751776753783	0.0	
0.664990352438	1.72420669428	0.0	
0.420271232067	1.14178603524	0.0	
0.0344626663117	0.0835140525106	0.0	
0.0812819058357	0.0408141414584	0.0	
1.23289615016	0.522741179485	0.0	
1.72363537683	0.15154056337	0.0	
0.149458022709	1.72519644352	0.0	
0.624367038276	1.74320612801	0.0	
0.591605228265	1.71496126053	0.0	
0.265659439167	1.61939280189	0.0	
1.55594335113	0.626582309388	0.0	
0.491168173459	1.15980179336	0.0	
1.74209995179	0.374292544889	0.0	
1.71612042677	0.420795266511	0.0	
0.0319753768573	1.17290808582	0.0	
1.17290808916	0.0319753771543	0.0	
0.478744334599	0.0406883165131	0.0	
0.0348085682092	0.47666647709	0.0	
0.229223376427	0.578509976917	0.0	
1.72824343859	0.961843559634	0.0	
0.961843559619	1.72824343837	0.0	
1.72427382371	0.778495713946	0.0	
1.69398926676	0.745338684591	0.0	
1.39018355343	0.487706229672	0.0	
0.627079599335	0.398360737053	0.0	
0.702025424728	1.37839662089	0.0	
1.71917992223	0.341390229998	0.0	
0.538488369798	1.14860895517	0.0	
0.943883020883	0.268866701114	0.0	
1.31190408991	0.506610722977	0.0	
0.447550586297	0.937336501634	0.0	
1.10964456984	0.402895304879	0.0	
0.871653534929	0.927087433312	0.0	
0.325187450944	0.23695827642	0.0	
0.368467245367	0.801438325171	0.0	
0.0393260331084	1.50803139848	0.0	
1.50804286617	0.0394522761213	0.0	
0.325620665025	0.0295617636824	0.0	
0.0314532158399	0.327796025725	0.0	
0.14006179067	1.20239524183	0.0	
0.161134361423	1.24284553099	0.0	
1.20239524237	0.140061789614	0.0	
1.24283893046	0.161151536632	0.0	
1.4481708621	0.148713228623	0.0	
0.928972823682	0.0795221656641	0.0	
0.0812047393942	0.931074409257	0.0	
1.2938322705	0.558936377701	0.0	
1.15012477217	0.408723840804	0.0	
0.824693165825	1.78213060449	0.0	
1.78160889388	0.824695528229	0.0	
0.741100444435	1.09416170865	0.0	
0.692846139466	1.10211085095	0.0	
0.420936401676	0.368471243629	0.0	
1.35494777248	0.204222702049	0.0	
0.544101247916	0.846100305808	0.0	
0.50312151846	0.836484849842	0.0	
1.04768478955	0.214617422539	0.0	
1.03722632767	0.282425220513	0.0	
0.806009088204	0.972217040464	0.0	
1.96611743449	0.363893730783	0.0	
0.635703097317	1.96584758505	0.0	
0.44933929994	0.558376343115	0.0	
1.3598169552	0.77348292585	0.0	
0.91090617429	1.44501481495	0.0	
0.89641650447	1.40226579891	0.0	
1.4455991857	0.912012511214	0.0	
1.40295249363	0.899142356292	0.0	
0.793685338398	0.83000595162	0.0	
0.905575595497	1.0801499115	0.0	
1.33864369277	0.861382253075	0.0	
1.18790245626	0.518747704789	0.0	
0.648362734994	0.72863350358	0.0	
0.838446669743	0.694961917463	0.0	
0.915061361093	1.21298646486	0.0	
1.04612422009	0.487301088192	0.0	
0.861437823716	1.8069790921	0.0	
1.80690456225	0.861438161411	0.0	
0.970860803053	1.47592669979	0.0	
1.47592670023	0.970860803026	0.0	
0.324617307116	0.307595651351	0.0	
0.371242148339	0.29590055305	0.0	
0.214548077706	1.0448654681	0.0	
0.877321883305	0.970646770492	0.0	
0.661288568558	1.6800851973	0.0	
0.466192581967	1.45850109661	0.0	
0.0328145566331	0.968626904911	0.0	
0.969144467794	0.0320240406159	0.0	
0.136249480684	0.566011643246	0.0	
0.111875792142	0.52640074053	0.0	
1.22980250766	0.285706912621	0.0	
1.13657141248	0.234622936113	0.0	
1.07728561501	0.704266917302	0.0	
1.02903361158	0.806265620787	0.0	
0.723232465794	0.255000405796	0.0	
0.658519736323	0.305260702704	0.0	
0.861727321191	1.3387230345	0.0	
0.65103674125	1.60466279472	0.0	
0.574640830271	0.135658921459	0.0	
0.523844690934	0.112178486085	0.0	
1.85778868705	0.461684798995	0.0	
0.705331442263	0.0873571783702	0.0	
1.5982906705	0.267055403184	0.0	
0.336604942156	1.07617892642	0.0	
1.81500446201	0.479211512231	0.0	
0.32209100457	1.96762199276	0.0	
1.96705344246	0.677387216406	0.0	
1.33943214599	0.0831837525607	0.0	
0.0838269067763	1.34020673615	0.0	
1.17520692489	0.899806024514	0.0	
1.13470776383	0.891096435485	0.0	
0.539038050205	1.85926034083	0.0	
0.3447328836	1.1509094641	0.0	
0.52868014148	1.82029639881	0.0	
1.01415454183	0.314952445525	0.0	
0.632985435678	0.659101962019	0.0	
0.240422851841	0.196537859653	0.0	
0.89675251625	1.04038275692	0.0	
0.669256993652	0.367471440969	0.0	
1.32912462944	0.969038103517	0.0	
1.11386500736	0.925212888634	0.0	
0.0363840005327	1.96826607561	0.0	
0.963965078941	1.96809657362	0.0	
1.96809657367	0.963965078961	0.0	
1.9682660757	0.0363840005169	0.0	
0.6537378612	1.10477481145	0.0	
0.525000001397	0.0276653541093	0.0	
0.027665353554	0.52499999745	0.0	
0.101546251527	0.0833702041511	0.0	
0.189714513218	0.520538848528	0.0	
0.0870664212076	0.294399379918	0.0	
0.0815722426737	0.484881609027	0.0	
0.486087552058	0.0814773491029	0.0	
0.342942985495	1.03224790847	0.0	
0.143102140548	1.04346987616	0.0	
1.04359616873	0.143285146183	0.0	
0.154686599105	0.496977411365	0.0	
0.482701109185	1.27533721236	0.0	
0.489051928165	1.31829650795	0.0	
0.781353666308	1.72431301942	0.0	
0.590513549119	1.1567930228	0.0	
0.379229754041	1.43860618754	0.0	
1.20845968185	0.657199932096	0.0	
1.11703154045	0.627970025009	0.0	
1.08862529769	0.515522376699	0.0	
0.294562948801	1.90025032156	0.0	
1.90203654924	0.704455286325	0.0	
0.754791335142	1.29319451087	0.0	
0.492833079391	0.467770732788	0.0	
0.140059246799	0.297202149826	0.0	
0.905166442186	1.49197635316	0.0	
1.49197635393	0.905166442551	0.0	
0.858118059826	1.03277111121	0.0	
0.580363604812	1.58441851414	0.0	
1.62836558334	0.713936822019	0.0	
1.61356831302	0.750524071412	0.0	
0.34419155117	0.440068706738	0.0	
0.158752882199	1.16607363833	0.0	
1.16563448701	0.161272119834	0.0	
0.129935102099	1.13102803031	0.0	
1.13194954636	0.130575699122	0.0	
0.919602198618	1.7131682953	0.0	
0.894966245237	1.67741714541	0.0	
1.71316829585	0.919602198812	0.0	
1.67741714605	0.89496624567	0.0	
1.4134256481	0.621562822197	0.0	
1.26131385549	0.491892831223	0.0	
1.04712101291	0.762871541673	0.0	
0.711852367912	1.13888634727	0.0	
1.04135527385	0.641389112872	0.0	
0.483067344434	1.61805948229	0.0	
0.483190895842	1.66133885125	0.0	
0.351595894751	1.91471234329	0.0	
1.91474679985	0.64834746469	0.0	
0.164932997692	0.33270070567	0.0	
1.3112088875	0.420746767325	0.0	
1.32727964119	0.453853356078	0.0	
0.797130948155	1.23040633331	0.0	
0.594461120372	0.491663208468	0.0	
0.379047310322	1.55880747556	0.0	
1.75241679456	0.641594485589	0.0	
0.359730697012	1.75113202991	0.0	
1.65612140534	0.575759963744	0.0	
0.499943948509	0.8729823845	0.0	
0.904767745237	0.469513692346	0.0	
0.654216775147	0.254267236918	0.0	
0.196179005741	0.967455750454	0.0	
0.971500444062	0.192248709525	0.0	
0.471010714413	1.92461600408	0.0	
0.475093707941	1.96474377413	0.0	
1.92475408287	0.529026877307	0.0	
1.96475131059	0.524908016572	0.0	
0.967545767109	0.377027301061	0.0	
1.26376502783	0.766185349608	0.0	
0.894966316434	0.70185749665	0.0	
0.734643388705	1.50305616953	0.0	
1.49764989852	0.737314624123	0.0	
1.62227992651	0.200870830178	0.0	
0.882471286658	1.63147940604	0.0	
1.63148592493	0.88244340874	0.0	
1.025	0.973397767412	0.0	
0.464487448491	0.298561973433	0.0	
0.426485217208	0.295853446988	0.0	
0.442048688977	0.258732273111	0.0	
1.62463724169	0.51329156913	0.0	
1.20925176331	0.356794333262	0.0	
0.505040734985	0.800159698521	0.0	
1.83566720743	0.607845469098	0.0	
0.392154289137	1.83566771698	0.0	
0.737122536013	0.646561748097	0.0	
0.332849354122	0.649363340526	0.0	
1.78504202176	0.0331215766002	0.0	
0.0331215766757	1.78504202148	0.0	
1.77219957809	0.300561042346	0.0	
0.998759113733	0.92725458585	0.0	
1.67613543919	0.346504989522	0.0	
0.126325593451	0.935511025187	0.0	
0.701174305145	1.77373324214	0.0	
0.406260232224	0.700019233983	0.0	
1.37500000171	0.0262284112062	0.0	
0.0262284102684	1.37499999748	0.0	
0.758030290711	0.134593536846	0.0	
1.75709712135	0.223988067837	0.0	
0.224530900088	1.75140559865	0.0	
0.75013006425	1.04634227303	0.0	
0.360751596762	0.0842924769571	0.0	
0.701461419445	0.297304887048	0.0	
0.657382984712	0.796957524938	0.0	
0.490616536973	1.03428141315	0.0	
0.362642003008	1.18566636901	0.0	
0.66653475483	0.689544648149	0.0	
0.547940250545	1.70404673288	0.0	
0.523067039242	1.6771041165	0.0	
1.22327619453	0.973303011198	0.0	
1.50354932185	0.0798625789042	0.0	
0.0793258936159	1.50263622822	0.0	
0.508126697174	0.338790857304	0.0	
1.14773680452	0.694443156106	0.0	
1.66483581488	0.713856226933	0.0	
0.617858331696	0.321816644866	0.0	
0.588479649941	0.304597317725	0.0	
0.36250592461	0.26018800552	0.0	
0.029032490425	1.46999988349	0.0	
1.46998964611	0.0294720130598	0.0	
0.239858239293	0.782073744052	0.0	
1.29192629617	0.359573760313	0.0	
0.945721267694	0.932254978338	0.0	
0.503767948457	0.144216873902	0.0	
0.826995191108	1.49570806296	0.0	
0.599506260137	0.680909029897	0.0	
1.09468305146	0.18595148717	0.0	
1.61147153841	0.917266158706	0.0	
0.917826221791	1.61196670468	0.0	
0.576221640865	1.43289702515	0.0	
1.68504298771	0.216083782719	0.0	
0.687519825179	1.17165306695	0.0	
1.46468406261	0.18678185385	0.0	
0.581297625771	0.225076733738	0.0	
1.65852341977	0.141773680905	0.0	
0.141423008455	1.65898261549	0.0	
1.575	0.974514713739	0.0	
0.974514713857	1.575	0.0	
0.288388012596	0.0789832554873	0.0	
1.25066900001	0.556910693497	0.0	
1.66015097377	0.965826514375	0.0	
0.965826514525	1.66015097354	0.0	
0.553546299098	0.493493136266	0.0	
0.801776466051	1.29789527593	0.0	
0.0807957893137	1.71192968124	0.0	
1.71193964191	0.0809935445302	0.0	
0.356610756018	0.59809118382	0.0	
0.790315608369	1.47728823205	0.0	
0.787192701311	1.43789329711	0.0	
0.842023218735	0.173790297844	0.0	
0.587594358322	1.09693052013	0.0	
1.85738577805	0.73087469419	0.0	
1.83099129126	0.270163616193	0.0	
0.263562221829	1.85694398487	0.0	
0.731919809848	1.83051715188	0.0	
0.149280098856	0.697186486419	0.0	
0.412836527795	1.56425978962	0.0	
0.440826355133	1.5924128959	0.0	
0.664750525559	0.429164661529	0.0	
0.61708492743	1.67609774938	0.0	
0.594259180872	0.435196128004	0.0	
0.199965992098	0.733243717099	0.0	
1.61164979104	0.484274749392	0.0	
0.200007959587	1.22997528422	0.0	
1.23045229218	0.196227085954	0.0	
0.277809892973	1.03663848129	0.0	
0.538801091748	0.526331150008	0.0	
0.320730215289	1.24686459107	0.0	

#Nombre de triangles
3044

#Numeros des sommets de chaque triangle
553	86	85	
1094	598	214	
1190	936	828	
1133	337	500	
1058	499	296	
1458	1288	284	
814	166	573	
722	526	191	
935	483	791	
993	348	936	
936	221	828	
1394	681	606	
900	728	219	
1467	574	312	
1467	312	575	
899	220	723	
1394	265	681	
912	400	642	
1458	284	716	
1447	581	258	
1151	860	483	
1034	623	101	
1035	64	624	
1206	981	163	
1514	400	912	
852	532	328	
852	178	532	
840	741	392	
839	391	740	
1444	307	554	
1370	607	390	
1206	163	668	
1078	463	632	
1447	679	581	
861	818	342	
1472	256	579	
1474	580	257	
1180	463	1078	
1217	818	861	
817	617	206	
823	347	546	
1477	1341	539	
862	568	161	
1321	791	483	
1006	318	518	
1228	230	888	
977	197	918	
978	917	198	
1254	317	552	
979	288	682	
980	289	684	
749	302	638	
749	638	367	
750	639	301	
750	368	639	
881	203	581	
881	581	360	
795	610	443	
796	609	442	
691	294	570	
1227	231	890	
1507	179	745	
1477	601	1341	
977	775	197	
978	198	776	
1339	570	294	
678	403	598	
677	405	599	
1213	571	737	
985	320	519	
899	723	417	
840	332	741	
839	740	333	
1118	191	526	
1481	770	364	
735	583	169	
900	416	728	
1034	101	100	
1035	65	64	
696	167	645	
1257	518	318	
945	824	162	
1258	519	320	
1583	564	429	
863	202	515	
1051	365	616	
1444	554	659	
1292	515	202	
1406	545	645	
1550	545	1406	
681	3	605	
1457	288	979	
1456	289	980	
1255	1229	730	
1089	616	292	
691	570	209	
1229	242	730	
1285	933	393	
672	386	608	
679	360	581	
751	397	543	
875	52	609	
874	109	610	
1254	585	317	
1451	1339	294	
792	273	586	
1112	742	233	
1514	1220	400	
1343	742	1112	
1231	783	1184	
1564	409	1297	
1249	737	571	
1564	824	409	
771	364	770	
1228	796	230	
1227	795	231	
1137	563	389	
678	598	404	
677	599	406	
1283	270	763	
771	770	245	
840	392	725	
840	725	212	
1370	390	786	
1285	393	884	
635	143	142	
634	23	22	
1103	726	283	
1103	488	726	
1259	795	443	
834	541	326	
833	325	540	
1044	557	26	
1043	139	558	
1309	608	1203	
1510	211	766	
1509	765	210	
911	237	889	
787	49	683	
788	106	685	
731	578	160	
991	281	924	
932	427	594	
1065	117	684	
1066	60	682	
1067	683	48	
1068	685	105	
1074	387	632	
1283	763	504	
792	621	273	
1138	1089	292	
912	642	204	
833	559	325	
834	326	560	
1149	271	649	
1222	653	188	
814	573	327	
968	235	538	
968	538	354	
1094	432	598	
674	298	627	
1202	244	523	
880	453	703	
1222	1183	653	
712	160	578	
1209	725	1011	
612	158	157	
611	8	7	
829	448	817	
829	817	374	
1339	780	271	
684	117	116	
682	60	59	
683	49	48	
685	106	105	
1285	926	252	
1253	672	1209	
1187	880	703	
1224	18	698	
1225	697	147	
851	721	218	
1203	608	458	
1145	320	704	
1145	704	490	
1144	489	705	
1144	705	319	
1529	418	751	
1157	225	1127	
803	334	802	
803	802	239	
1157	820	225	
1051	616	798	
1344	706	205	
1344	606	706	
1083	796	442	
763	270	626	
991	924	496	
911	460	812	
911	812	332	
960	749	199	
959	196	750	
1325	523	244	
1386	1013	163	
798	539	295	
1035	639	66	
1034	99	638	
851	328	532	
872	540	325	
871	326	541	
1339	548	780	
1226	384	773	
735	294	583	
908	334	803	
765	561	304	
766	305	562	
996	538	235	
800	562	305	
801	304	561	
698	18	17	
697	148	147	
767	563	329	
1482	214	598	
1164	521	808	
911	889	460	
1172	42	689	
1171	690	123	
1481	364	769	
976	450	724	
931	366	841	
1139	524	1025	
772	250	564	
773	565	251	
843	345	842	
845	844	347	
1557	606	681	
806	86	553	
883	532	178	
1149	967	271	
1164	808	169	
843	842	256	
845	257	844	
876	316	534	
877	535	315	
1564	1297	825	
1401	713	175	
1401	567	713	
788	685	291	
787	683	290	
1210	931	841	
756	718	342	
756	310	718	
780	649	271	
1286	640	466	
1287	467	641	
1489	298	674	
1384	692	898	
1325	1162	644	
786	177	711	
786	711	359	
864	354	538	
1098	617	817	
1594	245	1320	
1549	171	620	
1172	43	42	
1171	123	122	
994	990	210	
927	553	85	
1595	1489	674	
1427	586	190	
1443	593	259	
1059	944	531	
1314	158	612	
1315	611	7	
810	205	809	
994	210	765	
846	779	227	
846	409	779	
941	439	576	
1059	369	944	
778	627	200	
778	348	696	
778	696	299	
976	724	164	
1594	1320	527	
1207	425	731	
745	384	604	
813	740	20	
812	145	741	
874	313	550	
875	314	551	
862	388	568	
1069	143	635	
1070	634	22	
960	199	885	
959	886	196	
897	247	536	
949	349	803	
1304	243	600	
1304	600	480	
950	631	336	
1489	578	731	
1207	731	923	
939	920	186	
939	511	920	
1429	696	645	
1291	254	991	
1184	1074	632	
1386	566	1013	
935	619	330	
898	692	366	
1351	640	1286	
1353	1287	641	
781	439	577	
955	670	272	
955	401	670	
1410	315	535	
1161	858	859	
1489	731	298	
1400	534	316	
1073	389	563	
1073	563	255	
1566	735	169	
1449	1139	255	
856	343	615	
856	615	235	
1110	275	602	
1109	603	276	
1514	912	324	
1151	935	330	
1115	168	542	
1557	681	605	
1139	1025	322	
746	621	204	
881	869	424	
1053	416	900	
1055	899	417	
757	603	197	
758	198	602	
995	211	604	
995	604	384	
1289	269	895	
1165	803	349	
769	694	363	
1306	160	712	
1595	1175	613	
1379	992	810	
1178	536	247	
948	590	336	
804	614	192	
1213	737	209	
870	809	337	
870	445	809	
1263	991	254	
992	390	810	
1075	390	607	
907	549	165	
1337	883	284	
1306	712	1268	
1307	1120	351	
1373	447	1122	
1231	1184	463	
901	651	40	
902	125	652	
948	336	631	
1309	1203	166	
927	353	553	
859	858	388	
1184	783	241	
1461	1375	772	
1462	773	1377	
793	589	238	
1291	687	503	
1290	502	688	
1150	329	836	
1159	329	1150	
1513	549	248	
1449	524	1139	
998	191	997	
1000	888	338	
1053	900	468	
1055	469	899	
1375	250	772	
1377	773	251	
1011	725	280	
819	560	326	
820	325	559	
945	409	824	
938	667	290	
937	289	665	
1486	295	539	
787	50	49	
788	107	106	
1543	245	770	
943	582	193	
946	487	577	
757	197	665	
757	665	318	
758	667	198	
758	321	667	
999	890	339	
993	936	437	
1077	554	180	
1373	1084	447	
798	616	217	
1292	366	692	
1292	692	515	
707	119	118	
708	62	61	
710	104	103	
709	47	46	
1242	895	269	
1197	666	291	
1196	288	664	
1171	121	622	
1172	625	44	
923	160	633	
1500	111	550	
1502	54	551	
1557	1525	277	
934	731	425	
934	298	731	
934	200	627	
1084	191	998	
768	732	345	
875	53	52	
874	110	109	
1529	751	543	
1337	721	851	
955	572	401	
1000	485	888	
1534	330	603	
1533	602	331	
1120	1119	351	
1529	543	224	
1514	497	1220	
1033	441	717	
1446	1291	503	
1445	502	1290	
1331	68	988	
1332	987	97	
921	439	781	
1429	1336	299	
1024	542	168	
1336	804	192	
1272	300	622	
1275	623	302	
1273	301	624	
1274	625	303	
1164	169	583	
1164	583	444	
1134	378	1114	
1082	788	291	
903	873	161	
903	459	873	
999	486	890	
1117	252	926	
1259	657	231	
1458	521	1288	
1331	988	580	
1332	579	987	
1296	1283	1211	
1427	792	586	
836	329	563	
1137	836	563	
981	310	756	
1035	66	65	
1034	100	99	
1421	239	552	
1134	1114	542	
1311	212	1015	
754	706	277	
1517	396	556	
921	781	363	
1325	244	1162	
764	720	222	
764	398	720	
882	193	582	
1192	55	675	
1191	112	676	
1058	190	680	
982	77	702	
826	262	572	
1160	642	400	
1260	230	969	
1040	558	139	
1039	26	557	
842	628	256	
844	257	629	
1409	589	793	
1429	299	696	
960	423	710	
960	710	302	
959	708	420	
959	301	708	
1060	181	569	
1330	1064	185	
906	296	782	
1175	1010	613	
1557	277	706	
760	341	759	
760	759	213	
794	778	200	
1253	1209	495	
858	568	388	
1334	546	347	
1392	165	549	
1409	793	315	
1249	287	737	
1015	212	672	
1454	600	243	
1593	299	1336	
1289	604	269	
1439	505	612	
1439	612	262	
1367	556	398	
1336	545	804	
1391	906	782	
907	165	575	
947	550	313	
1250	231	970	
1017	857	414	
1340	729	311	
952	551	314	
1195	327	1168	
1364	248	549	
1600	659	554	
767	691	209	
767	329	691	
1425	761	309	
1425	569	761	
1459	722	282	
1205	591	308	
1537	645	167	
851	825	328	
851	218	825	
1118	312	574	
887	335	591	
887	591	233	
1093	514	828	
1093	828	221	
780	377	649	
1161	223	858	
810	809	445	
1008	553	353	
1293	577	487	
1298	552	239	
1065	684	421	
1066	682	420	
1068	423	685	
1067	422	683	
1340	311	761	
1224	698	461	
1225	460	697	
1039	557	357	
1040	358	558	
881	360	869	
1116	590	306	
1421	552	317	
795	313	610	
796	314	609	
1058	736	190	
1169	565	179	
1170	251	565	
1545	266	647	
1546	648	267	
1195	790	327	
1384	898	170	
1085	554	307	
866	306	590	
1532	760	213	
1171	622	300	
1172	303	625	
797	735	371	
831	174	732	
826	586	402	
887	567	335	
807	702	375	
807	349	702	
1595	192	1175	
792	352	621	
1004	587	90	
1003	75	588	
903	568	415	
1213	209	570	
1269	367	638	
1270	639	368	
1209	1011	495	
1014	372	592	
1042	293	747	
804	434	614	
861	718	201	
1588	656	318	
1589	657	291	
1586	654	320	
1587	655	290	
1199	180	554	
1401	335	567	
1201	835	317	
1201	544	835	
827	308	591	
1283	501	1211	
1258	320	654	
1257	318	656	
1260	888	230	
1532	213	839	
1216	163	1013	
1272	707	300	
1275	302	710	
1273	708	301	
1274	303	709	
1174	201	718	
1301	768	210	
903	161	568	
1588	318	665	
1589	291	666	
1586	320	664	
1587	290	667	
808	323	701	
1129	401	572	
1129	572	262	
1321	462	1255	
1321	860	462	
945	162	694	
1069	635	392	
1070	391	634	
1023	357	557	
1022	558	358	
1565	331	618	
1268	344	1121	
975	322	658	
823	604	211	
1285	475	926	
1130	599	405	
1057	203	669	
1008	597	263	
1197	885	666	
1196	664	886	
1340	569	181	
1485	748	499	
1201	585	277	
821	734	356	
821	176	734	
822	355	733	
822	733	175	
996	235	615	
1534	603	757	
1533	758	602	
1511	605	3	
877	698	17	
876	148	697	
769	364	694	
1301	210	990	
813	333	740	
812	741	332	
1281	415	568	
1557	605	1525	
1346	720	397	
774	340	759	
1139	584	255	
993	696	348	
1156	441	1033	
989	584	322	
1062	637	30	
1063	135	636	
897	327	573	
1250	890	231	
1122	1121	344	
1337	532	883	
1161	427	932	
1587	321	969	
1589	319	970	
1075	205	810	
1360	628	842	
1361	844	629	
1264	717	441	
1044	26	25	
1043	140	139	
1259	1082	657	
1272	119	707	
1273	62	708	
1275	710	103	
1274	709	46	
1455	454	1138	
1165	908	803	
1037	670	155	
1038	10	671	
1588	665	289	
1586	664	288	
1587	667	321	
1288	1164	444	
832	831	346	
1311	840	212	
1277	187	677	
912	755	324	
1034	302	623	
1035	624	301	
1487	539	1341	
1189	596	441	
1449	255	563	
1455	818	454	
1192	56	55	
1191	113	112	
1385	1098	448	
1432	622	121	
1433	101	623	
1434	624	64	
1435	44	625	
964	323	597	
1050	715	457	
1587	969	655	
1589	970	657	
1017	449	857	
907	575	312	
1095	310	981	
984	263	597	
872	595	266	
871	267	596	
910	590	195	
910	336	590	
1321	297	791	
1405	341	719	
1405	719	533	
1034	638	302	
1035	301	639	
1330	536	1064	
968	354	925	
1459	526	722	
1451	548	1339	
768	346	732	
1593	778	299	
1593	627	778	
1562	1510	766	
1563	765	1509	
971	361	717	
971	717	408	
1153	261	636	
1153	636	411	
1155	410	637	
1155	637	260	
1194	583	294	
939	433	589	
949	803	239	
982	78	77	
805	297	730	
1189	819	326	
926	925	200	
1385	448	806	
1110	602	917	
1109	918	603	
1171	300	690	
1172	689	303	
1346	1079	720	
1042	830	293	
1006	743	318	
1018	714	455	
794	348	778	
1432	120	1272	
1434	63	1273	
1433	1275	102	
1435	1274	45	
1240	255	584	
968	884	235	
968	475	884	
1064	660	185	
1189	1156	819	
1012	841	202	
1012	470	841	
1137	825	218	
1151	483	935	
1171	122	121	
1172	44	43	
1317	602	275	
1318	276	603	
937	665	197	
938	198	667	
984	617	263	
1146	219	728	
874	610	313	
875	609	314	
994	304	772	
1428	520	681	
1428	681	265	
1434	1273	624	
1432	1272	622	
1433	623	1275	
1435	625	1274	
1360	842	489	
1361	490	844	
954	953	240	
1027	57	56	
1026	114	113	
985	704	320	
1185	238	589	
1185	589	433	
1277	677	1223	
1396	576	439	
1359	292	616	
935	791	220	
774	759	341	
1174	894	201	
1453	480	600	
968	925	475	
793	461	698	
1284	626	476	
901	40	39	
902	126	125	
1578	617	522	
1578	206	617	
862	752	388	
1264	1029	717	
1057	581	203	
1452	577	439	
1380	582	943	
1521	573	418	
1025	287	658	
1289	745	604	
1267	588	75	
1266	90	587	
941	584	232	
1380	353	1167	
1209	672	212	
1226	305	766	
1083	230	796	
1317	331	602	
1318	603	330	
1025	524	737	
1118	997	191	
1118	574	997	
793	698	315	
1144	666	199	
1145	196	664	
1016	575	165	
1115	488	1096	
813	20	19	
812	146	145	
987	579	367	
988	368	580	
1201	317	585	
1116	837	195	
1116	502	837	
882	686	193	
1482	598	403	
1113	309	668	
1379	246	992	
1366	476	626	
1459	407	1179	
1142	592	372	
1143	373	593	
1429	645	545	
1399	715	1050	
1444	531	724	
1444	724	307	
894	615	343	
1159	444	583	
945	694	364	
1525	605	1511	
1014	258	581	
917	602	198	
918	197	603	
1192	1027	56	
1191	1026	113	
972	277	585	
1314	612	505	
1442	1014	592	
1542	403	643	
1042	747	201	
1092	626	270	
1102	186	1101	
952	650	278	
1265	290	655	
1555	1015	672	
881	424	748	
989	232	584	
1565	618	940	
829	89	88	
914	635	142	
913	23	634	
947	653	279	
740	21	20	
741	145	144	
1179	312	1118	
1162	405	644	
1318	330	619	
1317	618	331	
1509	210	843	
1510	845	211	
924	281	693	
1205	233	591	
958	8	611	
957	612	157	
1139	322	584	
943	193	597	
1513	248	1512	
1378	663	375	
1376	374	662	
1049	495	1048	
1293	487	730	
1293	730	242	
1506	426	646	
808	701	169	
1555	672	608	
1426	923	633	
889	237	715	
1265	787	290	
1441	492	669	
1413	594	412	
1140	703	453	
1140	236	703	
977	690	300	
978	689	379	
978	303	689	
977	380	690	
1539	164	1149	
1282	412	594	
889	316	697	
948	866	590	
1236	859	388	
1460	1441	669	
964	597	193	
1522	651	379	
1523	380	652	
1004	374	587	
1003	588	375	
1404	585	1254	
1461	801	517	
1462	516	800	
1167	353	927	
1077	180	688	
1303	620	431	
1404	1254	189	
1082	443	788	
1187	362	880	
1376	587	374	
1378	375	588	
921	694	162	
921	363	694	
926	475	925	
1060	687	181	
1593	674	627	
1405	167	774	
1214	1097	285	
1214	480	1097	
984	597	323	
1503	668	309	
1177	284	883	
889	715	316	
1403	1299	915	
1335	395	873	
1600	306	866	
1524	969	321	
1358	1341	601	
1116	195	590	
1430	375	702	
1408	831	832	
1021	954	240	
1297	328	825	
1402	591	335	
1335	1056	395	
830	695	293	
942	896	414	
1088	594	427	
857	449	703	
1600	866	659	
1369	1205	308	
1226	766	995	
1158	266	595	
1243	273	621	
1477	798	217	
1194	294	691	
885	199	666	
886	664	196	
1413	413	932	
1372	443	610	
1371	442	609	
1424	188	653	
1269	987	367	
1270	368	988	
1590	911	1311	
934	627	298	
1442	258	1014	
1264	441	596	
1264	596	184	
1357	280	635	
1356	634	281	
1524	321	744	
1163	399	811	
1559	994	772	
1504	726	488	
877	17	16	
876	149	148	
905	229	654	
904	228	656	
1448	737	524	
1448	209	737	
1046	281	634	
1046	634	391	
1485	669	203	
1493	431	599	
1261	558	1022	
1263	1023	557	
1348	647	36	
1347	129	648	
868	286	867	
1061	429	662	
1288	444	721	
794	354	789	
1539	1149	649	
1395	174	831	
930	744	331	
1122	1019	224	
1180	1078	395	
1325	644	338	
1025	737	287	
1200	660	537	
1200	264	660	
1009	376	673	
1009	673	182	
1000	338	644	
1395	831	430	
1534	318	743	
1533	744	321	
1102	1101	434	
1320	643	339	
999	339	643	
1075	810	390	
857	703	236	
1211	992	246	
1537	167	1405	
1169	1099	1100	
1466	269	604	
945	364	779	
1306	633	160	
870	695	170	
870	337	695	
1413	932	594	
1045	370	954	
996	615	310	
1480	201	747	
831	732	346	
1071	663	428	
1122	447	1019	
1591	363	781	
1211	501	992	
937	197	775	
938	776	198	
1146	728	446	
1534	757	318	
1533	321	758	
1279	282	722	
1086	1085	307	
1080	1079	458	
953	504	763	
953	763	240	
983	341	760	
1473	843	256	
1475	257	845	
1195	715	237	
1195	457	715	
1261	1022	253	
1263	254	1023	
861	342	718	
1160	259	642	
1372	610	109	
1371	609	52	
867	286	711	
1104	438	1103	
882	359	686	
1052	36	647	
1054	648	129	
1359	616	365	
794	789	348	
1076	1045	954	
1138	292	1013	
1138	1013	566	
1120	396	1119	
966	965	477	
850	849	225	
848	226	847	
1107	204	621	
1488	522	617	
956	646	383	
1036	504	953	
1036	953	370	
1129	262	612	
1460	272	1441	
876	697	316	
877	315	698	
1299	484	915	
1288	521	1164	
1175	192	614	
1505	830	343	
1037	155	154	
1038	11	10	
1505	343	855	
1524	744	1219	
1291	991	496	
1307	465	1120	
1547	614	434	
963	351	673	
1380	943	353	
1069	392	741	
1070	740	391	
950	336	734	
1238	30	637	
1239	636	135	
1528	319	705	
1591	781	1490	
1151	743	172	
1089	217	616	
1579	652	276	
1580	275	651	
944	724	531	
1174	310	615	
1460	680	272	
1460	499	680	
982	349	661	
1058	296	736	
1115	1096	168	
1098	263	617	
1042	201	894	
1358	477	1341	
985	785	171	
1239	411	636	
1238	637	410	
1387	367	628	
1388	629	368	
988	68	67	
987	98	97	
1004	89	829	
999	643	188	
1000	644	187	
806	87	86	
1284	763	626	
889	697	460	
1477	539	798	
862	387	752	
1592	769	363	
1352	1153	848	
1354	850	1155	
949	661	349	
1078	632	161	
1269	638	99	
1270	66	639	
1256	1057	669	
990	383	646	
1097	1096	438	
1163	811	1021	
922	762	446	
922	413	762	
1107	621	352	
1240	941	576	
1561	1368	827	
1451	735	797	
1170	428	663	
1170	663	251	
969	230	655	
835	82	81	
970	231	657	
1301	646	346	
1245	466	640	
1246	641	467	
1241	832	426	
1401	733	335	
919	213	759	
1310	487	946	
1485	203	748	
1314	1237	159	
1315	6	1237	
966	216	965	
1086	555	1085	
1543	403	1542	
1184	632	463	
1408	430	831	
1293	781	577	
1293	242	781	
1389	517	801	
1390	800	516	
1420	491	661	
816	815	414	
816	413	815	
980	684	116	
979	682	59	
1391	498	906	
1430	1003	375	
1284	476	1163	
1133	695	337	
1105	309	761	
1504	908	726	
1062	30	29	
1063	136	135	
850	355	849	
848	847	356	
1253	495	1049	
1402	194	827	
854	138	137	
853	28	27	
936	348	789	
1286	636	261	
1287	260	637	
1541	350	1426	
1199	555	1049	
1488	323	808	
1517	1123	396	
884	393	856	
884	856	235	
1511	82	835	
1530	559	833	
1531	834	560	
881	748	203	
906	736	296	
906	352	736	
1052	647	416	
1054	417	648	
1045	868	867	
1566	169	701	
1308	1163	476	
933	515	692	
1539	649	377	
924	693	419	
856	855	343	
856	393	855	
1025	658	322	
1181	452	739	
942	414	857	
963	673	376	
1459	1179	526	
954	370	953	
1303	1018	455	
1272	120	119	
1273	63	62	
1275	103	102	
1274	46	45	
1480	747	915	
1148	942	236	
1087	462	860	
1020	185	660	
1183	451	738	
1305	660	264	
1528	970	319	
1253	386	672	
1006	784	172	
1496	719	433	
1097	168	1096	
1041	727	189	
1190	437	936	
1296	270	1283	
800	73	72	
801	93	92	
1464	227	779	
986	777	449	
933	692	393	
1098	817	448	
955	272	680	
1218	3	681	
1402	909	194	
908	207	726	
929	774	167	
1030	689	42	
1031	123	690	
1311	911	332	
1294	155	670	
1295	671	10	
864	789	354	
1487	1173	506	
1313	1059	630	
1407	662	374	
1020	360	679	
1340	761	569	
1351	1286	261	
1353	260	1287	
1169	179	1099	
1294	670	401	
1295	402	671	
1193	462	1087	
1458	808	521	
1150	218	721	
1150	721	444	
1429	545	1336	
1381	375	663	
1181	739	278	
1300	174	705	
1525	1511	544	
1258	654	229	
1257	656	228	
1049	1048	180	
1109	652	380	
1109	276	652	
1110	651	275	
1110	379	651	
1313	369	1059	
1104	1103	283	
929	340	774	
1125	754	337	
1033	717	361	
1016	782	424	
1016	165	782	
1083	655	230	
1082	291	657	
1393	1116	306	
1373	722	191	
1181	278	650	
1183	738	279	
1263	479	991	
1590	1311	513	
1522	40	651	
1523	652	125	
1064	537	660	
1354	1155	260	
1352	261	1153	
1036	370	867	
1386	756	342	
864	221	789	
1592	525	1094	
1158	728	266	
1158	446	728	
1183	279	653	
1561	503	1368	
1289	895	471	
1378	251	663	
1376	662	250	
1535	686	359	
1017	986	449	
1215	658	287	
998	997	537	
1080	222	1079	
1461	304	801	
1462	800	305	
931	898	366	
931	445	898	
1441	272	670	
1550	1406	268	
972	754	277	
1541	863	350	
923	731	160	
1498	181	687	
1497	688	180	
847	361	821	
847	821	356	
849	355	822	
849	822	362	
1480	861	201	
1300	732	174	
1491	785	985	
1004	90	89	
1003	76	75	
922	183	815	
925	354	794	
1165	349	807	
912	204	755	
915	747	472	
1131	496	924	
1568	186	1102	
1189	871	596	
1070	21	740	
1069	741	144	
1451	294	735	
1279	344	712	
932	413	816	
1256	669	492	
1576	381	699	
1575	700	382	
1178	998	537	
1525	1201	277	
1216	1113	668	
1528	705	1182	
1567	183	1186	
1243	621	746	
1493	599	1130	
1147	661	491	
1279	722	344	
930	173	744	
1328	14	1143	
1329	1142	151	
1355	872	325	
1478	928	1404	
944	164	724	
929	891	340	
929	437	891	
1145	664	320	
1216	668	163	
1473	699	381	
1475	382	700	
919	759	340	
1457	979	510	
1456	980	509	
880	822	175	
1601	712	578	
896	223	816	
1105	761	311	
1522	379	1030	
1523	1031	380	
1179	1118	526	
1535	359	711	
1506	646	956	
1492	879	404	
1491	878	406	
1573	671	273	
1511	835	544	
1455	1386	342	
950	734	176	
1258	229	878	
1258	878	519	
1257	228	879	
1257	879	518	
1149	164	944	
1314	159	158	
1315	7	6	
993	167	696	
1516	567	1108	
1154	225	820	
1152	819	226	
1360	1144	199	
1361	196	1145	
1041	378	727	
1129	612	957	
1427	736	352	
833	34	33	
834	132	131	
942	415	896	
1343	1112	529	
982	702	349	
1030	379	689	
1031	690	380	
1032	361	971	
1571	562	800	
1572	801	561	
1487	1341	249	
1526	1202	523	
1138	454	1089	
1133	928	293	
1133	500	928	
985	171	704	
1557	706	606	
1464	916	227	
1567	1186	595	
1045	867	370	
1368	308	827	
1586	1457	654	
1588	1456	656	
1058	680	499	
880	362	822	
1119	673	351	
1123	182	673	
983	719	341	
1008	943	597	
983	760	865	
1212	407	1175	
960	302	749	
959	750	301	
1114	378	802	
1334	704	171	
1358	966	477	
1222	451	1183	
1028	783	464	
1355	325	1157	
1131	419	729	
1131	729	181	
1256	492	892	
1148	236	1007	
1228	888	485	
1535	711	286	
1337	851	532	
1265	655	1083	
1212	1175	614	
1566	371	735	
1046	693	281	
1125	205	706	
1576	699	96	
1575	69	700	
1021	377	954	
1032	971	473	
1125	337	809	
1498	496	1131	
1500	676	112	
1502	675	55	
1328	1143	593	
1329	592	1142	
1546	871	541	
1545	540	872	
1241	846	227	
1302	424	869	
1478	1404	189	
1426	350	923	
1223	406	878	
937	775	421	
938	422	776	
1478	189	727	
1278	678	404	
1068	710	423	
1067	709	422	
1067	47	709	
1068	104	710	
1065	707	118	
1066	708	61	
1066	420	708	
1065	421	707	
1018	215	714	
1453	600	1024	
896	816	414	
1055	128	127	
1053	38	37	
1001	729	419	
1458	522	808	
1129	957	401	
1223	677	406	
1222	188	678	
1108	567	887	
1553	541	834	
1554	833	540	
1492	784	1006	
1413	412	762	
1227	890	486	
1093	221	864	
1271	730	487	
972	500	754	
1040	139	138	
1039	27	26	
1322	455	714	
976	164	811	
976	811	399	
1516	713	567	
1029	408	717	
1488	808	522	
993	929	167	
1132	989	473	
1409	511	939	
1409	939	589	
1199	1049	180	
1271	805	730	
1196	682	288	
1197	685	423	
1197	291	685	
1196	420	682	
1017	414	815	
1051	295	713	
981	756	163	
1581	998	1178	
1218	681	520	
1384	393	692	
1595	613	1489	
1521	247	897	
1379	810	445	
1285	252	933	
1006	172	743	
945	779	409	
1556	713	295	
1501	952	278	
1499	947	279	
1202	1161	859	
1202	427	1161	
1346	397	751	
1407	1061	662	
1280	193	686	
1108	233	742	
977	918	380	
978	379	917	
1359	365	742	
1403	727	274	
1403	472	727	
925	794	200	
1496	533	719	
1087	784	432	
1087	172	784	
1107	755	204	
1393	688	502	
1358	285	966	
1368	503	687	
1585	797	208	
1585	548	797	
1505	170	695	
914	142	141	
913	24	23	
898	870	170	
898	445	870	
1185	983	238	
1056	965	395	
1056	477	965	
1177	716	284	
936	789	221	
1194	691	329	
994	383	990	
1133	293	695	
1513	324	1392	
1281	568	858	
1074	714	387	
1364	799	248	
1521	897	573	
1364	312	799	
1399	1050	512	
1387	749	367	
1388	368	750	
1599	733	355	
1598	356	734	
922	815	413	
1584	419	693	
1206	394	981	
1442	1329	534	
1443	535	1328	
1479	701	474	
1366	1009	182	
1366	626	1009	
1128	454	818	
1128	818	243	
1348	36	35	
1347	130	129	
1408	832	227	
1079	222	720	
1381	663	1071	
1365	225	849	
1221	1072	501	
994	765	304	
995	766	211	
892	153	152	
893	13	12	
1255	462	1229	
1373	1122	344	
1105	311	828	
1256	892	372	
1071	726	207	
1187	777	362	
1187	449	777	
977	300	775	
978	776	303	
1039	357	853	
1040	854	358	
1278	404	879	
1232	335	733	
1233	734	336	
1427	352	792	
1462	1377	516	
1461	517	1375	
1217	243	818	
1237	0	159	
1237	6	0	
1332	96	699	
1331	700	69	
1165	207	908	
1248	1191	676	
1248	435	1191	
1247	1192	675	
1247	436	1192	
986	440	777	
1449	563	767	
1162	1130	405	
1162	753	1130	
1597	1236	388	
932	816	223	
1134	727	378	
1241	227	832	
1242	455	895	
1267	75	74	
1266	91	90	
1302	1016	424	
1496	433	1230	
1548	600	1299	
1033	361	847	
1354	355	850	
1352	848	356	
1001	340	891	
1399	316	715	
1032	176	821	
1533	331	744	
983	865	238	
1513	1392	549	
1076	377	780	
1333	490	704	
1040	138	854	
1039	853	27	
1240	576	1073	
1240	1073	255	
1436	868	208	
1182	705	174	
1187	703	449	
1218	1167	83	
1423	630	1059	
1555	385	1015	
1551	1102	434	
1536	746	373	
1597	388	752	
1017	183	986	
1373	344	722	
1430	702	77	
1134	274	727	
1592	1094	214	
1457	905	654	
1456	904	656	
1292	202	841	
1450	705	489	
1188	175	713	
1230	1102	268	
1357	635	914	
1356	913	634	
1551	268	1102	
1174	718	310	
1571	800	72	
1572	93	801	
1518	739	452	
1519	738	451	
1198	958	611	
1185	433	719	
1546	267	871	
1545	872	266	
1268	712	344	
1108	742	365	
1117	926	425	
1385	553	1008	
1427	190	736	
1276	461	793	
1478	727	472	
1552	324	755	
1423	1059	234	
1092	1009	626	
1132	232	989	
1401	175	733	
1438	534	1329	
1437	1328	535	
980	116	115	
979	59	58	
1209	212	725	
1045	208	868	
1487	1486	539	
942	857	236	
927	85	84	
1115	542	1114	
1241	1106	846	
993	437	929	
1363	286	868	
1340	181	729	
1579	902	652	
1580	651	901	
1055	1054	128	
1053	37	1052	
1142	372	892	
1143	893	373	
1503	309	1105	
1374	283	726	
1185	719	983	
1276	793	238	
1005	359	882	
1453	168	1097	
1570	935	220	
1570	619	935	
1042	343	830	
1004	829	374	
1028	471	783	
1255	730	297	
1125	706	754	
1364	907	312	
1452	946	577	
1452	232	946	
1300	345	732	
1467	1200	574	
1453	1097	480	
948	234	866	
1414	659	866	
1414	866	234	
1234	436	739	
1235	435	738	
1389	801	92	
1390	73	800	
1310	946	408	
1594	1124	245	
1559	383	994	
1491	985	519	
1569	219	940	
1569	940	618	
1311	1015	513	
1359	1343	292	
1359	742	1343	
1318	1090	276	
1318	619	1090	
1317	275	1091	
1317	1091	618	
1515	752	215	
1248	279	738	
1247	278	739	
1526	1338	173	
1499	550	947	
1248	738	435	
1247	739	436	
1369	528	1205	
1501	551	952	
1033	847	226	
1219	744	173	
1124	771	245	
1565	930	331	
1504	488	1115	
1436	208	797	
1491	519	878	
1492	518	879	
1166	87	806	
1166	806	448	
1418	1154	820	
1419	819	1152	
1072	786	390	
1072	177	786	
1031	124	123	
1030	42	41	
1140	1007	236	
1140	506	1007	
1019	447	951	
1464	364	771	
1380	1167	520	
1373	191	1084	
1054	129	128	
1052	37	36	
1586	288	1457	
1588	289	1456	
1198	402	958	
1053	1052	416	
1055	417	1054	
1387	199	749	
1388	750	196	
1179	407	799	
1494	1366	1367	
1203	751	166	
1122	224	1121	
1091	468	900	
1090	899	469	
1349	493	893	
1350	892	492	
1530	833	33	
1531	132	834	
1076	208	1045	
1126	398	764	
1146	446	762	
1563	561	765	
1562	766	562	
1125	809	205	
1032	821	361	
1442	1400	258	
1184	241	1074	
1578	716	1061	
1578	1061	206	
1076	954	377	
1148	903	415	
957	157	156	
958	9	8	
1381	807	375	
1593	1336	674	
1216	529	1113	
1141	1104	283	
1487	249	1173	
1386	163	756	
960	885	423	
959	420	886	
1407	374	817	
961	71	70	
962	95	94	
1385	1008	263	
1021	811	377	
1419	974	560	
1418	559	973	
1576	962	381	
1575	382	961	
1516	1108	365	
1490	781	242	
1121	224	1120	
1121	1120	465	
1084	998	447	
1527	1357	1262	
1333	844	490	
1333	347	844	
1142	152	151	
1143	14	13	
1017	815	183	
1136	50	787	
1135	107	788	
1042	894	343	
1246	467	853	
1246	853	357	
1245	358	854	
1245	854	466	
1127	777	440	
1404	928	500	
1403	274	1299	
1443	259	1410	
1495	1093	864	
1464	779	364	
1539	377	811	
1051	798	295	
1494	476	1366	
1298	239	802	
1148	459	903	
1559	772	564	
1167	84	83	
1602	975	658	
1602	176	975	
1310	184	1271	
1072	992	501	
1208	327	790	
1496	268	1406	
1413	762	413	
973	32	31	
974	134	133	
1277	1223	452	
1330	1168	536	
1407	206	1061	
1564	825	1137	
1002	350	863	
1419	411	974	
1418	973	410	
1582	383	1559	
1420	661	949	
1440	1020	679	
1284	240	763	
1448	767	209	
1548	1299	274	
1022	358	837	
1023	838	357	
1508	762	412	
1381	1071	207	
1238	31	30	
1239	135	134	
1492	1006	518	
1195	1168	457	
1244	216	1104	
1216	1013	529	
1305	264	869	
1221	177	1072	
1281	223	896	
1553	834	131	
1554	34	833	
1294	156	155	
1295	10	9	
1415	1277	650	
1526	173	1088	
1342	764	450	
1596	790	513	
1582	956	383	
1226	773	305	
1268	1121	465	
1180	965	216	
1032	975	176	
1461	772	304	
1462	305	773	
1357	478	1262	
1157	1127	440	
1585	780	548	
1215	631	950	
1168	897	536	
1135	788	443	
1136	787	442	
1423	948	631	
1301	346	768	
1208	814	327	
1479	1362	1363	
1575	70	69	
1576	96	95	
1210	246	931	
1298	378	1041	
1298	1041	552	
1260	969	482	
1253	1049	386	
1265	442	787	
1534	1151	330	
1534	743	1151	
1111	824	389	
1223	878	452	
1095	538	996	
1250	970	481	
1281	858	223	
1309	814	385	
1314	505	1237	
1315	1237	505	
1147	1081	80	
1472	1332	699	
1474	700	1331	
1405	774	341	
1479	474	1362	
1412	865	333	
1218	520	1167	
1108	887	233	
1078	161	873	
1310	1029	184	
1563	962	561	
1562	562	961	
1349	893	12	
1350	153	892	
1365	362	777	
1306	1268	465	
1114	802	334	
1188	880	175	
1507	1289	471	
1186	183	922	
1581	447	998	
1081	81	80	
1560	351	963	
1572	561	962	
1571	961	562	
1304	1214	530	
1365	1127	225	
1212	799	407	
1001	919	340	
1001	419	919	
1225	146	812	
1225	812	460	
1224	461	813	
1224	813	19	
1507	745	1289	
1236	753	1162	
1236	1162	244	
1459	1010	407	
1081	835	81	
1440	185	1020	
1455	566	1386	
1204	391	839	
1200	997	574	
1470	1468	195	
1471	194	1469	
1466	604	823	
1231	464	783	
1244	1104	1141	
1057	1014	581	
1404	972	585	
1590	790	237	
1590	513	790	
1244	1141	464	
1371	1136	442	
1372	1135	443	
1337	1288	721	
1337	284	1288	
1421	1420	239	
1543	770	1482	
1154	850	225	
1152	226	848	
1099	1028	464	
1198	262	826	
1472	579	1332	
1474	1331	580	
1415	187	1277	
1442	534	1400	
1220	497	1101	
1495	538	1095	
1551	434	804	
1195	237	790	
1105	828	514	
1384	855	393	
1383	963	376	
1470	195	837	
1471	838	194	
1391	782	165	
1179	799	312	
1295	958	402	
1294	401	957	
1111	162	824	
1156	1033	226	
1106	328	846	
1531	560	974	
1530	973	559	
1165	807	207	
1087	860	172	
1443	1410	535	
1188	453	880	
1492	404	784	
1491	406	785	
1581	1178	247	
1132	408	946	
1423	234	948	
1496	1230	268	
1106	852	328	
1147	491	1081	
1078	873	395	
1177	883	429	
1193	1087	432	
1447	258	1400	
1505	695	830	
1161	932	223	
1563	381	962	
1562	961	382	
1488	617	984	
1149	369	967	
1220	920	400	
1467	264	1200	
1480	484	861	
1541	1426	547	
1065	118	117	
1066	61	60	
1067	48	47	
1068	105	104	
1008	353	943	
1370	786	359	
1106	426	852	
1069	144	143	
1070	22	21	
1169	1100	428	
1212	248	799	
1166	448	829	
1166	829	88	
1156	226	819	
1157	325	820	
1136	51	50	
1135	108	107	
1571	71	961	
1572	962	94	
1239	974	411	
1238	410	973	
1372	109	108	
1371	52	51	
1227	313	795	
1228	314	796	
1383	376	1012	
1132	971	408	
1450	489	842	
1450	842	345	
1137	218	836	
1327	28	853	
1327	853	467	
1326	466	854	
1326	854	137	
1190	828	311	
1019	951	418	
1297	846	328	
1577	1010	282	
1577	613	1010	
1529	224	1019	
1115	1114	334	
1335	873	459	
1259	231	795	
1148	415	942	
1236	1202	859	
1236	244	1202	
1048	1011	494	
1439	262	1198	
1113	1112	528	
1345	906	498	
1345	352	906	
1530	32	973	
1531	974	133	
1425	1113	528	
1518	1234	739	
1519	1235	738	
1525	544	1201	
1150	836	218	
1232	909	335	
1233	336	910	
1563	1509	381	
1562	382	1510	
1536	893	493	
1218	83	3	
1208	385	814	
1271	184	805	
1518	229	1234	
1519	228	1235	
1132	473	971	
1520	863	515	
1560	963	547	
1584	213	919	
1095	981	394	
1278	879	451	
1298	802	378	
1339	1323	570	
1470	837	358	
1471	357	838	
1159	1150	444	
1198	826	402	
1103	438	1096	
1103	1096	488	
1523	125	124	
1522	41	40	
1446	254	1291	
1445	1290	253	
1147	80	79	
1550	804	545	
1451	797	548	
1506	178	852	
1436	797	371	
1338	1324	482	
1330	457	1168	
1032	473	975	
1442	592	1329	
1443	1328	593	
1141	1100	1099	
1141	283	1100	
1252	38	1053	
1251	469	1055	
1252	1053	468	
1251	1055	127	
1441	670	1037	
1282	173	930	
1320	1319	527	
1432	5	120	
1432	121	5	
1433	4	101	
1433	102	4	
1434	64	2	
1435	45	1	
1434	2	63	
1435	1	44	
1325	1324	523	
1221	1036	177	
1221	504	1036	
1493	1130	215	
1205	1112	233	
1205	528	1112	
1445	837	502	
1446	503	838	
1346	751	1203	
1204	839	213	
1305	869	360	
1394	607	1005	
1394	1005	265	
1101	497	1047	
1402	335	909	
1385	806	553	
1210	841	470	
1555	1309	385	
1431	317	835	
1500	112	111	
1502	55	54	
1381	207	807	
1392	1391	165	
1437	535	877	
1438	876	534	
1544	1147	79	
1256	372	1057	
1425	309	1113	
1170	565	1169	
1170	1169	428	
1284	1163	240	
1424	653	1422	
1385	263	1098	
1309	166	814	
1539	811	164	
1543	1482	403	
1521	418	951	
1508	940	219	
1174	615	894	
1439	1198	611	
1113	529	1112	
1322	714	1074	
1493	1018	431	
1561	194	838	
1561	838	503	
1117	1002	252	
1142	892	152	
1143	13	893	
1393	502	1116	
1303	1242	620	
1303	455	1242	
1412	813	461	
1536	493	1243	
1536	1243	746	
1412	333	813	
1178	1064	536	
1124	916	771	
1476	1180	216	
1190	311	891	
1220	1101	186	
1544	661	1147	
1583	429	883	
1189	326	871	
1217	861	484	
1166	88	87	
1290	1262	253	
1592	363	1591	
1466	823	546	
1173	1007	506	
1438	149	876	
1437	877	16	
1415	650	1411	
1585	1076	780	
1398	25	24	
1397	141	140	
1110	917	379	
1109	380	918	
1407	817	206	
1548	1024	600	
1547	434	1047	
1304	480	1214	
1124	430	916	
1599	1232	733	
1598	734	1233	
1048	495	1011	
1419	560	819	
1418	820	559	
1602	1215	950	
1455	342	818	
1584	693	1204	
1568	433	939	
1292	841	366	
1408	227	916	
1211	246	1210	
1532	865	760	
1532	333	865	
1229	1193	525	
1558	1410	259	
1297	409	846	
1072	390	992	
1290	494	1262	
1057	372	1014	
1131	924	419	
1470	640	1468	
1471	1469	641	
1367	1366	182	
1168	327	897	
1592	1591	525	
1410	1409	315	
1199	554	1085	
1325	338	1324	
1564	389	824	
1311	332	840	
1197	423	885	
1196	886	420	
1206	1093	394	
1206	514	1093	
1584	1204	213	
1396	162	1111	
1535	1362	686	
1276	238	865	
1396	1111	576	
1584	919	419	
1469	909	508	
1469	194	909	
1468	910	195	
1468	507	910	
1402	827	591	
1190	891	437	
1240	584	941	
1320	339	1319	
1189	441	1156	
1321	1255	297	
1561	827	194	
1211	1210	470	
1400	316	1399	
1224	19	18	
1225	147	146	
1262	1261	253	
1160	400	920	
1207	923	350	
1396	439	921	
1186	922	446	
1270	67	66	
1269	99	98	
1252	39	38	
1251	127	126	
1594	1395	430	
1487	506	1486	
1365	849	362	
1302	869	264	
1132	946	232	
1321	483	860	
1175	407	1010	
1473	1472	699	
1475	700	1474	
1095	996	310	
1452	439	941	
1569	1091	900	
1570	899	1090	
1549	1334	171	
1177	1061	716	
1565	412	930	
1092	376	1009	
1455	1138	566	
1167	927	84	
1532	839	333	
1447	1400	512	
1384	170	855	
1204	1046	391	
1262	478	1261	
1111	389	1073	
1430	77	76	
1382	1316	217	
1327	29	28	
1326	137	136	
1520	515	933	
1565	940	412	
1583	883	178	
1361	1145	490	
1360	489	1144	
1149	944	369	
1250	339	890	
1537	1405	533	
1506	852	426	
1536	373	893	
1260	338	888	
1412	1276	865	
1589	1144	319	
1589	666	1144	
1568	1102	1230	
1568	1230	433	
1207	350	1002	
1505	855	170	
1424	1422	486	
1339	271	1323	
1252	901	39	
1251	126	902	
1379	445	931	
1495	1095	394	
1518	452	878	
1519	451	879	
1229	462	1193	
1417	58	57	
1416	115	114	
1282	1088	173	
1285	884	475	
1567	986	183	
1568	939	186	
1235	228	904	
1234	229	905	
1153	1152	848	
1155	850	1154	
1355	595	872	
1099	179	1028	
1400	1399	512	
1499	279	1248	
1501	278	1247	
1383	1012	202	
1415	1411	485	
1251	902	469	
1252	468	901	
1506	956	178	
1540	1249	630	
1410	511	1409	
1232	508	909	
1233	910	507	
1220	186	920	
1226	995	384	
1503	1206	668	
1503	514	1206	
1192	436	1027	
1191	435	1026	
1541	202	863	
1499	1248	676	
1501	1247	675	
1520	933	252	
1520	1002	863	
1281	896	415	
1495	864	538	
1313	571	967	
1535	286	1362	
1526	427	1202	
1369	308	1060	
1369	1060	569	
1352	507	1351	
1354	1353	508	
1421	491	1420	
1328	15	14	
1329	151	150	
1392	498	1391	
1585	208	1076	
1350	154	153	
1349	12	11	
1331	69	68	
1332	97	96	
1322	241	895	
1508	219	1146	
1552	755	1345	
1101	1047	434	
1581	951	447	
1504	1115	334	
1422	653	947	
1463	1005	882	
1390	74	73	
1389	92	91	
1558	920	511	
1397	914	141	
1397	478	914	
1398	913	479	
1398	24	913	
1374	428	1100	
1354	260	1353	
1352	1351	261	
1437	15	1328	
1438	1329	150	
1180	395	965	
1322	895	455	
1552	1345	498	
1580	901	468	
1579	469	902	
1517	556	1367	
1411	650	952	
1436	1363	868	
1597	753	1236	
1592	214	1481	
1592	1481	769	
1596	1208	790	
1148	1007	459	
1549	546	1334	
1304	530	1128	
1497	494	1290	
1497	1290	688	
1498	687	1291	
1498	1291	496	
1411	952	314	
1437	16	15	
1438	150	149	
1518	878	229	
1519	879	228	
1463	882	582	
1259	443	1082	
1422	947	313	
1540	287	1249	
1111	1073	576	
1554	35	34	
1553	131	130	
1123	1119	396	
1123	673	1119	
1527	280	1357	
1261	1043	558	
1263	557	1044	
1334	347	1333	
1511	3	82	
1382	217	1089	
1555	608	1309	
1530	33	32	
1531	133	132	
1173	459	1007	
1163	1021	240	
1544	79	78	
1282	930	412	
1153	411	1152	
1155	1154	410	
1436	371	1363	
1571	72	71	
1572	94	93	
1342	976	399	
1416	980	115	
1416	509	980	
1417	979	58	
1417	510	979	
1303	431	1018	
1254	1041	189	
1305	360	1020	
1280	964	193	
1319	481	1312	
1414	1059	531	
1414	234	1059	
1207	1002	1117	
1193	1094	525	
1556	1176	453	
1335	459	1173	
1287	637	1062	
1286	1063	636	
1200	537	997	
1364	549	907	
1556	453	1188	
1495	394	1093	
1374	1071	428	
1277	1181	650	
1398	1044	25	
1397	140	1043	
1482	770	1481	
1301	990	646	
1204	693	1046	
1552	1392	324	
1334	1333	704	
1503	1105	514	
1356	479	913	
1357	914	478	
1343	1013	292	
1238	973	31	
1239	134	974	
1269	98	987	
1270	988	67	
1302	575	1016	
1310	1271	487	
1456	509	904	
1457	510	905	
1141	1099	464	
1186	1158	595	
1544	982	661	
1446	838	1023	
1445	1022	837	
1483	904	509	
1484	905	510	
1294	957	156	
1295	9	958	
1280	474	964	
1338	523	1324	
1541	1383	202	
1296	1092	270	
1570	220	899	
1569	900	219	
1403	915	472	
1323	271	967	
1323	967	571	
1408	916	430	
1177	429	1061	
1396	921	162	
1178	537	1064	
1449	1448	524	
1346	458	1079	
1330	185	1050	
1494	398	1126	
1504	334	908	
1573	1038	671	
1323	1213	570	
1393	1077	688	
1374	1100	283	
1464	771	916	
1379	931	246	
1368	687	1060	
1558	511	1410	
1480	915	484	
1431	1421	317	
1467	575	1302	
1543	1542	245	
1375	1266	587	
1375	517	1266	
1377	1267	516	
1377	588	1267	
1335	249	1056	
1590	237	911	
1363	1362	286	
1526	523	1338	
1542	643	1320	
1244	464	1231	
1516	1051	713	
1478	472	928	
1282	594	1088	
1313	967	369	
1431	491	1421	
1296	1211	470	
1497	1048	494	
1496	1406	533	
1566	701	1479	
1199	1085	555	
1193	432	1094	
1194	329	1159	
1517	1367	182	
1431	835	1081	
1264	184	1029	
1356	281	991	
1356	991	479	
1498	1131	181	
1176	1140	453	
1176	506	1140	
1452	941	232	
1254	552	1041	
1516	365	1051	
1420	949	239	
1494	1126	1308	
1261	478	1043	
1263	1044	479	
1382	454	1128	
1382	1128	530	
1383	547	963	
1582	1559	564	
1417	57	1027	
1416	114	1026	
1528	481	970	
1342	399	1126	
1508	412	940	
1278	1222	678	
1342	450	976	
1600	554	1077	
1600	1077	306	
1241	426	1106	
1344	1075	607	
1207	1117	425	
1324	1260	482	
1319	1250	481	
1186	446	1158	
1313	1249	571	
1494	1367	398	
1564	1137	389	
1305	1020	660	
1327	1062	29	
1326	136	1063	
1194	1159	583	
1514	1513	1512	
1449	767	1448	
1471	1246	357	
1470	358	1245	
1573	493	1038	
1521	951	247	
1404	500	972	
1382	530	1316	
1265	1083	442	
1483	509	1026	
1483	1026	435	
1484	510	1027	
1484	1027	436	
1310	408	1029	
1602	950	176	
1510	1475	845	
1509	843	1473	
1286	466	1063	
1287	1062	467	
1424	999	188	
1424	486	999	
1467	1302	264	
1447	512	1440	
1447	1440	679	
1440	512	1050	
1440	1050	185	
1415	1000	187	
1415	485	1000	
1283	504	1221	
1343	529	1013	
1581	247	951	
1370	359	1005	
1582	178	956	
1387	1360	199	
1387	628	1360	
1388	196	1361	
1388	1361	629	
1538	1012	376	
1552	498	1392	
1370	1005	607	
1319	1312	527	
1473	256	1472	
1475	1474	257	
1350	1037	154	
1349	11	1038	
1322	1074	241	
1575	961	70	
1576	95	962	
1507	471	1028	
1542	1320	245	
1338	482	1219	
1439	1315	505	
1439	611	1315	
1558	1160	920	
1544	78	982	
1524	482	969	
1330	1050	457	
1312	1182	174	
1514	1512	497	
1580	468	1091	
1579	1090	469	
1488	984	323	
1349	1038	493	
1350	492	1037	
1430	76	1003	
1574	530	1214	
1326	1063	466	
1327	467	1062	
1341	1056	249	
1341	477	1056	
1411	314	1228	
1463	265	1005	
1459	282	1010	
1416	1026	509	
1417	1027	510	
1422	313	1227	
1598	507	1352	
1599	1354	508	
1444	659	1414	
1444	1414	531	
1362	1280	686	
1500	550	1499	
1502	551	1501	
1445	253	1022	
1446	1023	254	
1527	1262	494	
1574	1358	601	
1502	1501	675	
1500	1499	676	
1567	440	986	
1453	1024	168	
1419	1152	411	
1418	410	1154	
1394	1344	607	
1520	252	1002	
1355	1157	440	
1397	1043	478	
1398	479	1044	
1344	205	1075	
1342	1126	764	
1469	1353	641	
1469	508	1353	
1468	640	1351	
1468	1351	507	
1595	674	1336	
1595	1336	192	
1304	1128	243	
1345	755	1107	
1368	1060	308	
1548	274	1134	
1548	1134	542	
1277	452	1181	
1482	1481	214	
1527	1011	280	
1527	494	1011	
1497	180	1048	
1441	1037	492	
1493	215	1018	
1476	1244	1231	
1365	777	1127	
1308	1126	399	
1508	1146	762	
1374	726	1071	
1574	1316	530	
1477	217	1316	
1477	1316	601	
1538	470	1012	
1598	1352	356	
1599	355	1354	
1308	399	1163	
1507	1028	179	
1538	376	1092	
1529	1019	418	
1551	804	1550	
1560	633	1307	
1560	1307	351	
1278	451	1222	
1393	306	1077	
1578	522	1458	
1578	1458	716	
1522	1030	41	
1523	124	1031	
1548	542	1024	
1570	1090	619	
1569	618	1091	
1382	1089	454	
1345	1107	352	
1283	1221	501	
1596	513	1015	
1596	1015	385	
1538	1092	1296	
1454	1217	484	
1450	1300	705	
1431	1081	491	
1547	1047	248	
1485	1460	669	
1485	499	1460	
1512	1047	497	
1512	248	1047	
1307	1306	465	
1307	633	1306	
1312	481	1182	
1486	1176	295	
1517	182	1123	
1479	1363	371	
1573	1243	493	
1371	51	1136	
1372	108	1135	
1335	1173	249	
1574	285	1358	
1313	630	1249	
1323	571	1213	
1454	484	1299	
1556	295	1176	
1395	1312	174	
1319	339	1250	
1546	1347	648	
1546	541	1347	
1545	1348	540	
1545	647	1348	
1526	1088	427	
1338	1219	173	
1549	620	1465	
1394	606	1344	
1524	1219	482	
1346	1203	458	
1324	338	1260	
1541	547	1383	
1515	215	1130	
1551	1550	268	
1537	1406	645	
1537	533	1406	
1428	1380	520	
1428	582	1380	
1509	1473	381	
1510	382	1475	
1476	216	1244	
1579	276	1090	
1580	1091	275	
1454	243	1217	
1389	91	1266	
1390	1267	74	
1515	1130	753	
1465	620	1242	
1540	1215	287	
1540	631	1215	
1583	178	1582	
1425	528	1369	
1425	1369	569	
1549	1465	546	
1362	474	1280	
1476	463	1180	
1411	1228	485	
1486	506	1176	
1422	1227	486	
1389	1266	517	
1390	516	1267	
1594	430	1124	
1412	461	1276	
1583	1582	564	
1560	1426	633	
1560	547	1426	
1556	1188	713	
1558	259	1160	
1466	546	1465	
1476	1231	463	
1528	1182	481	
1466	1465	269	
1463	1428	265	
1463	582	1428	
1567	1355	440	
1567	595	1355	
1547	248	1212	
1465	1242	269	
1484	1234	905	
1483	1235	904	
1483	435	1235	
1484	436	1234	
1395	527	1312	
1490	1229	525	
1490	242	1229	
1470	1245	640	
1471	641	1246	
1594	527	1395	
1574	601	1316	
1376	1375	587	
1376	250	1375	
1378	1377	251	
1378	588	1377	
1538	1296	470	
1450	345	1300	
1547	1212	614	
1494	1308	476	
1454	1299	600	
1514	324	1513	
1540	630	1423	
1574	1214	285	
1601	282	1279	
1596	385	1208	
1602	658	1215	
1573	273	1243	
1598	1233	507	
1599	508	1232	
1554	1348	35	
1553	130	1347	
1601	1279	712	
1577	578	1489	
1577	1489	613	
1553	1347	541	
1554	540	1348	
1540	1423	631	
1601	1577	282	
1566	1479	371	
1597	752	1515	
1591	1490	525	
1597	1515	753	
1601	578	1577	
875	54	53	
875	551	54	
874	111	110	
874	550	111	
862	161	632	
573	166	418	
751	418	166	
785	620	171	
1151	172	860	
1036	711	177	
565	384	179	
745	179	384	
596	456	184	
805	184	456	
644	405	187	
677	187	405	
643	403	188	
678	188	403	
680	190	572	
826	572	190	
826	190	586	
934	926	200	
746	204	642	
843	210	768	
845	823	211	
752	714	215	
966	438	216	
1104	216	438	
791	723	220	
1086	764	222	
1086	222	1080	
543	396	224	
1120	224	396	
895	241	783	
564	250	429	
662	429	250	
628	579	256	
629	257	580	
642	259	593	
728	647	266	
596	267	456	
723	456	267	
723	267	648	
586	273	402	
671	402	273	
725	635	280	
1097	966	285	
937	684	289	
938	290	683	
928	747	293	
748	296	499	
782	296	748	
805	791	297	
775	300	707	
776	709	303	
724	450	307	
1086	307	450	
1001	311	729	
1001	891	311	
989	322	975	
701	323	474	
964	474	323	
754	500	337	
843	768	345	
646	426	346	
832	346	426	
845	347	823	
628	367	579	
629	580	368	
642	593	373	
746	642	373	
773	384	565	
608	386	458	
1080	458	386	
1049	555	386	
1080	386	555	
862	632	387	
752	387	714	
725	392	635	
556	396	543	
556	543	397	
720	556	397	
720	398	556	
784	404	598	
785	406	599	
728	416	647	
723	648	417	
937	421	684	
775	707	421	
938	683	422	
776	422	709	
782	748	424	
934	425	926	
785	599	431	
785	431	620	
784	598	432	
1097	438	966	
1086	450	764	
791	456	723	
805	456	791	
895	783	471	
928	472	747	
989	975	473	
1086	1080	555	
955	680	572	
1036	867	711	
