#Nombre de noeuds
411

#Coordonnees des noeuds
0.0	0.0	0.0	
2.0	0.0	0.0	
2.0	1.0	0.0	
1.0	1.0	0.0	
1.0	2.0	0.0	
0.0	2.0	0.0	
0.100000000218	0.0	0.0	
0.200000000482	0.0	0.0	
0.300000000764	0.0	0.0	
0.400000001045	0.0	0.0	
0.500000001327	0.0	0.0	
0.600000001608	0.0	0.0	
0.70000000189	0.0	0.0	
0.800000002172	0.0	0.0	
0.900000002453	0.0	0.0	
1.00000000271	0.0	0.0	
1.10000000246	0.0	0.0	
1.20000000219	0.0	0.0	
1.30000000191	0.0	0.0	
1.40000000164	0.0	0.0	
1.50000000137	0.0	0.0	
1.60000000109	0.0	0.0	
1.70000000082	0.0	0.0	
1.80000000055	0.0	0.0	
1.90000000027	0.0	0.0	
2.0	0.100000000241	0.0	
2.0	0.200000000523	0.0	
2.0	0.300000000804	0.0	
2.0	0.400000001086	0.0	
2.0	0.500000001357	0.0	
2.0	0.600000001094	0.0	
2.0	0.70000000082	0.0	
2.0	0.800000000547	0.0	
2.0	0.900000000273	0.0	
1.9	1.0	0.0	
1.8	1.0	0.0	
1.7	1.0	0.0	
1.6	1.0	0.0	
1.5	1.0	0.0	
1.4	1.0	0.0	
1.3	1.0	0.0	
1.2	1.0	0.0	
1.1	1.0	0.0	
1.0	1.1	0.0	
1.0	1.2	0.0	
1.0	1.3	0.0	
1.0	1.4	0.0	
1.0	1.5	0.0	
1.0	1.6	0.0	
1.0	1.7	0.0	
1.0	1.8	0.0	
1.0	1.9	0.0	
0.900000000069	2.0	0.0	
0.799999999445	2.0	0.0	
0.69999999882	2.0	0.0	
0.599999998196	2.0	0.0	
0.499999997593	2.0	0.0	
0.399999998057	2.0	0.0	
0.299999998543	2.0	0.0	
0.199999999029	2.0	0.0	
0.0999999995143	2.0	0.0	
0.0	1.90000000049	0.0	
0.0	1.80000000014	0.0	
0.0	1.69999999951	0.0	
0.0	1.59999999889	0.0	
0.0	1.49999999827	0.0	
0.0	1.39999999764	0.0	
0.0	1.29999999702	0.0	
0.0	1.19999999639	0.0	
0.0	1.09999999577	0.0	
0.0	0.999999995186	0.0	
0.0	0.899999995628	0.0	
0.0	0.799999996114	0.0	
0.0	0.6999999966	0.0	
0.0	0.599999997086	0.0	
0.0	0.499999997571	0.0	
0.0	0.399999998057	0.0	
0.0	0.299999998543	0.0	
0.0	0.199999999029	0.0	
0.0	0.0999999995143	0.0	
0.582591225052	0.574247628472	0.0	
1.45991897303	0.505312112913	0.0	
0.500000000087	1.45	0.0	
1.0148712205	0.430892784709	0.0	
0.443863875914	1.00909219318	0.0	
0.344386687761	0.34623167764	0.0	
1.20381809223	0.687584503266	0.0	
0.690058017443	1.19868215706	0.0	
0.309555971861	0.728438642144	0.0	
0.73313864378	0.318273472685	0.0	
0.865184032635	0.720530253105	0.0	
1.69166666715	0.691666667126	0.0	
0.310828903167	1.69696091235	0.0	
1.69166666715	0.308333332807	0.0	
0.691322187834	1.68401810947	0.0	
1.25692881459	0.28921308749	0.0	
0.294989928414	1.25263465887	0.0	
0.709565251847	0.943483111943	0.0	
1.44603452522	0.760651519963	0.0	
0.752183173637	1.44683173593	0.0	
1.47170756525	0.224765726597	0.0	
0.216371087643	1.4623493691	0.0	
0.227650961409	0.945711076257	0.0	
0.941893000705	0.22553698187	0.0	
0.522310425743	0.803088078738	0.0	
0.226267416033	0.522687935911	0.0	
0.526314984621	0.219647506661	0.0	
1.7908526992	0.50389312402	0.0	
0.496106875913	1.79085269926	0.0	
0.198449198981	0.195860347932	0.0	
1.02706215034	0.81029083716	0.0	
0.413837636071	0.512770787027	0.0	
0.560201064138	0.391511825466	0.0	
0.819302359156	1.07497042163	0.0	
0.173322274976	1.82623484227	0.0	
1.83751739732	0.817282790721	0.0	
1.82623484269	0.173322275431	0.0	
0.823212898063	1.81667853045	0.0	
1.10191726138	0.164691322263	0.0	
0.156773740065	1.12168895977	0.0	
0.469299427338	1.6226499759	0.0	
1.62416519682	0.530370088389	0.0	
0.865145604638	0.892943444681	0.0	
0.835521535554	1.29396438266	0.0	
1.29995337399	0.827136770684	0.0	
0.717418411753	0.478821101749	0.0	
0.87424076241	0.548810597671	0.0	
1.03168665453	0.625810336565	0.0	
1.17307544416	0.513419096113	0.0	
0.177033628124	0.360741975542	0.0	
0.371279750303	0.17177707998	0.0	
1.60303057601	0.830372935371	0.0	
0.835750521652	1.60171363952	0.0	
0.602021684504	1.06996660489	0.0	
0.483564974849	1.23288671234	0.0	
1.62919198028	0.155675739287	0.0	
0.156487354509	1.627389265	0.0	
0.159009074068	0.793929713361	0.0	
0.800896492138	0.162971559448	0.0	
0.3499999983	1.84707207227	0.0	
1.84573697314	0.649870330348	0.0	
1.84498364325	0.342100190193	0.0	
0.65027405387	1.84729058998	0.0	
0.624847342868	1.349378227	0.0	
1.35073600676	0.620210096106	0.0	
1.54793662641	0.373980267627	0.0	
0.62731586668	1.54586442763	0.0	
1.28853784367	0.445119766678	0.0	
1.33666474756	0.153539210886	0.0	
0.149184387729	1.33713036545	0.0	
0.729930123453	0.632765384188	0.0	
0.859911708514	0.39906647369	0.0	
0.365871664874	0.873868160871	0.0	
0.687183704754	0.781279266961	0.0	
0.357747244437	1.38950707339	0.0	
0.44983602248	0.666708145286	0.0	
1.10138084537	0.342213800354	0.0	
0.325378172704	1.09652492863	0.0	
0.138465560479	0.648535796761	0.0	
0.653225146552	0.133166713903	0.0	
1.55431563383	0.661507370399	0.0	
0.36081396899	1.53279661061	0.0	
0.56823083015	0.928166118731	0.0	
1.40700359802	0.353664370126	0.0	
1.16504306572	0.867236021127	0.0	
1.44953795019	0.884627822346	0.0	
0.901342407749	1.44899287195	0.0	
0.301844318503	0.612964181308	0.0	
0.464665465357	0.32135460182	0.0	
1.69215604759	0.404313238891	0.0	
0.588067559944	1.68927894222	0.0	
1.7060841463	0.876873109966	0.0	
0.869073098185	1.70692711335	0.0	
0.869002817441	1.18753839374	0.0	
1.00202766423	0.130067728932	0.0	
0.133025207623	1.00300257267	0.0	
1.21989268764	0.119885611337	0.0	
0.119885610599	1.21989268684	0.0	
1.45004224106	0.11050261136	0.0	
0.107666675097	1.44960543564	0.0	
0.114065951071	0.113548180725	0.0	
0.464834104706	0.112050080716	0.0	
0.114176582652	0.463518521133	0.0	
0.592836265837	0.699530306407	0.0	
0.494856832469	1.11453331566	0.0	
0.318765457201	0.450638829968	0.0	
0.332361764653	0.995587041987	0.0	
0.991960027929	0.326694816216	0.0	
0.629073869438	0.300050386994	0.0	
0.451642716672	1.8938650959	0.0	
1.89381544784	0.54835246058	0.0	
1.18451951962	0.404834940981	0.0	
0.823931454761	0.269432214694	0.0	
1.73371127342	0.10050785466	0.0	
0.100623799598	1.73345374212	0.0	
0.790776749355	0.80729911516	0.0	
0.461675088664	1.3426189154	0.0	
0.102949990027	0.268243338546	0.0	
0.264619273036	0.10344887321	0.0	
0.111516538217	0.893331092724	0.0	
0.895530109061	0.111081325909	0.0	
1.27643769099	0.542074807159	0.0	
0.519629989821	0.498730646783	0.0	
0.25770183667	0.841723181249	0.0	
0.979999688414	0.718051671276	0.0	
1.71655017163	0.584771297401	0.0	
0.414851628916	1.71526350975	0.0	
1.45790002778	0.609339249551	0.0	
0.377908064314	1.17782388777	0.0	
0.97047714403	0.897852181832	0.0	
0.59206659235	1.18236118918	0.0	
0.892665065834	0.992980687796	0.0	
1.09409910045	0.721264376763	0.0	
0.29176152792	0.250504309908	0.0	
0.105480260361	1.89451973964	0.0	
0.894519739662	1.89451973967	0.0	
1.89451973982	0.894519739804	0.0	
1.89451973981	0.105480260158	0.0	
1.89409112371	0.436937129716	0.0	
0.560839418479	1.89644567817	0.0	
1.07149962087	0.526289781775	0.0	
0.406616009186	0.411145206845	0.0	
1.56075747178	0.0858312729956	0.0	
0.0854938862139	1.56038421728	0.0	
1.12959407882	0.609453642857	0.0	
0.212907874178	1.71165203535	0.0	
1.71111625114	0.213325797438	0.0	
0.619496288606	0.480939076725	0.0	
0.924489840139	0.807821932067	0.0	
0.793685996321	0.97781528517	0.0	
0.716198097523	1.04967731001	0.0	
0.924907506331	0.63021065187	0.0	
0.911257804035	1.35318374445	0.0	
1.04237061726	0.243423638217	0.0	
0.240119654505	1.05015499053	0.0	
1.77798733895	0.736283762055	0.0	
1.90176926215	0.738520488309	0.0	
0.229114335036	0.668489383115	0.0	
0.760778895407	1.15230485355	0.0	
1.54050578662	0.470162294228	0.0	
0.528841500713	1.54417130799	0.0	
0.383825077889	0.256788368831	0.0	
1.07510227563	0.905432055346	0.0	
0.764339015084	1.7351614147	0.0	
0.972881766628	0.537040714727	0.0	
0.71144644939	0.21229833386	0.0	
1.54762408788	0.911069521966	0.0	
0.912243287201	1.54232294177	0.0	
1.1090693301	0.443530080787	0.0	
0.670342174785	0.394395897998	0.0	
0.571959746602	0.105304666176	0.0	
0.104879925876	0.568968883224	0.0	
0.609521372887	0.845291495513	0.0	
0.378200632008	1.29621973191	0.0	
1.69100045285	0.780204849934	0.0	
0.817311378776	0.474440655862	0.0	
0.733060560611	0.0928847624249	0.0	
0.828919732431	0.633315602113	0.0	
1.53724349908	0.75079107719	0.0	
0.768013146147	0.401514911732	0.0	
0.370189174296	1.62132810793	0.0	
0.264001474537	1.58130390701	0.0	
1.16398727286	0.255347758476	0.0	
0.263351467493	1.157665902	0.0	
0.561469840616	1.29348605333	0.0	
1.78974592508	0.270324485413	0.0	
1.90344366941	0.25321362852	0.0	
0.273662836094	1.79165905096	0.0	
0.253798703916	1.90365199642	0.0	
0.0840487354423	0.734142930157	0.0	
1.77663110168	0.412629012103	0.0	
0.588149612697	1.77598519926	0.0	
0.250201966321	0.326892245875	0.0	
1.16826169954	0.77523877266	0.0	
0.679187509405	0.55911543869	0.0	
0.0684578717907	1.14002693118	0.0	
1.14119603307	0.088468308318	0.0	
0.908429273241	1.09630659763	0.0	
0.76599320543	0.71336214735	0.0	
0.908462458584	1.79670659164	0.0	
1.79670659157	0.908462458702	0.0	
0.48398047779	0.583809555187	0.0	
0.804979865497	1.90937320756	0.0	
0.737428963547	1.83039797305	0.0	
1.32386297332	0.351817593122	0.0	
1.36917149839	0.253293917185	0.0	
1.36945268573	0.529750879659	0.0	
0.714460589515	1.9106343405	0.0	
0.223012389599	0.436641654192	0.0	
0.923156431406	1.26693730417	0.0	
0.350613098021	0.0852518347816	0.0	
0.0788320401606	0.358500766364	0.0	
0.818198065265	1.38538811431	0.0	
0.732313583841	1.33976752845	0.0	
1.38018516263	0.820507533041	0.0	
1.32581760524	0.722666755192	0.0	
1.34816627027	0.908049248568	0.0	
1.24104471108	0.910332549473	0.0	
0.914215377889	0.463465303009	0.0	
1.54524181942	0.566700497002	0.0	
1.63134776204	0.923663113461	0.0	
0.923413381408	1.63019273893	0.0	
1.62986767869	0.625664174658	0.0	
0.774501319705	0.554544796712	0.0	
0.0685210080642	1.64424544456	0.0	
1.64473214548	0.0684029733886	0.0	
1.25859675419	0.202570112632	0.0	
0.81515788423	1.50910799602	0.0	
0.72537459748	1.56920980366	0.0	
0.412141368749	1.45910043729	0.0	
1.47113148502	0.411015574299	0.0	
1.8153866349	0.0835025434096	0.0	
0.0835085797181	1.8153732272	0.0	
0.542082601391	1.37445075331	0.0	
0.605373946394	1.44919684227	0.0	
1.27203899118	0.630977984876	0.0	
0.776867264389	0.893684499007	0.0	
0.406405757406	1.08460292669	0.0	
1.35000000178	0.0692074623015	0.0	
0.0672854122576	1.35125075365	0.0	
0.206335127934	1.24318708941	0.0	
0.667364571752	1.12611011687	0.0	
0.759051004133	1.24377152363	0.0	
0.673538620982	0.70031278672	0.0	
1.54001710924	0.169608471214	0.0	
1.58848024237	0.267166483993	0.0	
0.1660040956	1.53620643881	0.0	
0.350777344584	1.92971554381	0.0	
1.92826433663	0.64734865623	0.0	
1.92941972551	0.347464421744	0.0	
1.62990835496	0.366123267651	0.0	
0.768615348287	1.65174752545	0.0	
0.638968444986	1.61964486022	0.0	
1.3866512598	0.432780049466	0.0	
1.48659803901	0.312397599454	0.0	
0.445260328145	1.53624787842	0.0	
0.311142636735	1.45893963342	0.0	
0.273424434986	1.34856684594	0.0	
1.24440020772	0.767959498637	0.0	
0.609343985651	0.212055354954	0.0	
0.444558447119	0.205425885417	0.0	
0.815855830383	0.081543722769	0.0	
0.415663356428	1.80051340676	0.0	
1.80002434746	0.583427330192	0.0	
0.237269647037	0.754887221169	0.0	
0.391992726578	0.596754375384	0.0	
0.901703785065	0.32625111013	0.0	
1.91943330449	0.816206532711	0.0	
1.61925462365	0.729284327298	0.0	
1.4122937518	0.6776562141	0.0	
0.0817672579087	0.186662352104	0.0	
0.186635413152	0.0816314947202	0.0	
0.511530268277	0.71988187799	0.0	
0.41305456047	0.770454174303	0.0	
0.451430831123	0.859408802026	0.0	
0.484631694318	0.935830137224	0.0	
1.51669412768	0.827502575367	0.0	
0.680565893268	1.40849187266	0.0	
0.350691808174	1.76854740936	0.0	
0.664582443573	1.27922052277	0.0	
0.678162695492	1.48391893643	0.0	
0.37007120544	0.675701444842	0.0	
0.535594996611	1.00592898508	0.0	
0.645114811776	1.93087412173	0.0	
0.701531549425	0.863826829068	0.0	
1.76342872449	0.650189722561	0.0	
0.187376811682	0.278557250521	0.0	
0.484706590127	0.425594742661	0.0	
1.70467054259	0.492393056008	0.0	
0.506962808062	1.70412582717	0.0	
0.396046239539	0.942319016398	0.0	
0.650841374047	0.0633039363343	0.0	
0.062899658396	0.650168121293	0.0	
0.33196872161	0.803378115638	0.0	
0.295932329723	0.908350956416	0.0	
1.05611578928	0.0677296131441	0.0	
0.0656300082893	1.05855301715	0.0	
0.551737757984	0.29107240262	0.0	
1.92643449758	0.175980415208	0.0	
0.1759804144	1.92643449805	0.0	
0.95755638413	0.0599783718712	0.0	
0.0600726182581	0.957644798346	0.0	
0.0709148695456	0.824280745597	0.0	
0.331445276578	0.533975752564	0.0	
1.15318265841	0.939605017936	0.0	
1.1897804471	0.328897681229	0.0	
0.200114311185	0.604329236064	0.0	
0.667307359251	1.76324975513	0.0	
0.544273634787	0.64553725549	0.0	
1.20881934554	0.592602508513	0.0	
1.28131148821	0.068526456905	0.0	
0.0681508190928	1.27990242929	0.0	
0.943591307609	0.390210912657	0.0	
1.48155748754	0.691989086241	0.0	
0.560724337964	1.61778364103	0.0	
1.75981274964	0.341332017953	0.0	
0.169581470413	0.719997008913	0.0	
1.61671448173	0.438407996464	0.0	
1.18353482773	0.180163326224	0.0	
0.636909464025	0.633478481786	0.0	
1.75775270247	0.821205625243	0.0	
0.526088518929	0.873831075706	0.0	
0.607945732409	0.773195005036	0.0	
1.22374061161	0.829580722516	0.0	
0.646923782106	0.914947718289	0.0	
0.641601296156	0.991729940108	0.0	
0.295164592051	0.174705502984	0.0	
1.10797649005	0.817040361223	0.0	
1.2509763489	0.359919337026	0.0	
0.278547026304	0.39185215745	0.0	
0.809956559275	0.344091868405	0.0	

#Nombre de triangles
740

#Numeros des sommets de chaque triangle
317	208	184	
277	173	44	
270	107	218	
271	108	219	
291	76	182	
290	181	9	
339	250	106	
165	39	38	
166	47	46	
182	76	75	
181	10	9	
236	32	31	
250	181	106	
251	105	182	
280	34	216	
279	215	51	
228	90	195	
277	44	43	
321	238	230	
340	168	106	
336	101	261	
280	35	34	
279	51	50	
279	49	172	
280	171	36	
322	123	173	
200	103	174	
199	175	102	
193	23	22	
194	63	62	
228	195	122	
218	107	190	
219	108	189	
211	209	122	
211	3	209	
336	261	161	
238	113	230	
340	241	168	
233	118	174	
233	174	103	
234	102	175	
234	175	119	
311	23	193	
312	194	62	
322	173	238	
386	105	251	
347	32	236	
277	3	211	
315	86	295	
264	134	196	
338	295	86	
263	96	208	
263	208	157	
331	172	132	
197	78	77	
198	8	7	
270	218	141	
271	219	142	
279	50	49	
280	36	35	
179	66	65	
178	20	19	
245	188	89	
277	43	3	
313	264	196	
253	196	134	
282	52	215	
210	133	184	
334	100	285	
290	130	181	
291	182	129	
212	127	204	
212	204	110	
334	285	163	
350	78	197	
351	198	7	
282	53	52	
387	94	170	
296	39	165	
317	186	157	
317	84	186	
253	134	208	
232	166	46	
306	95	285	
314	82	240	
189	57	56	
190	30	29	
359	87	210	
309	196	154	
309	82	196	
362	184	133	
320	119	177	
377	106	168	
287	282	283	
332	94	308	
359	210	264	
246	165	38	
247	47	166	
339	159	250	
331	243	172	
386	167	105	
219	189	56	
218	190	29	
395	93	169	
375	174	118	
376	119	175	
356	98	165	
221	168	85	
249	227	125	
210	184	134	
294	165	98	
331	308	94	
263	157	234	
262	233	156	
283	282	117	
314	240	146	
387	170	271	
228	110	204	
350	180	79	
351	6	180	
226	193	135	
225	136	194	
320	177	149	
237	88	167	
230	229	97	
242	209	3	
228	209	110	
339	188	245	
222	20	178	
223	179	65	
241	85	168	
367	111	202	
308	307	99	
321	87	238	
276	176	17	
275	68	177	
383	105	167	
263	234	119	
262	118	233	
300	36	171	
301	172	49	
221	185	111	
221	85	185	
256	159	245	
256	245	138	
312	61	214	
311	217	24	
350	109	180	
351	180	109	
251	182	75	
250	10	181	
328	236	31	
238	173	113	
288	182	105	
288	129	182	
289	44	173	
243	117	172	
248	191	156	
367	221	111	
362	84	184	
377	168	112	
327	57	189	
328	30	190	
312	62	61	
311	24	23	
287	54	53	
231	90	204	
361	167	88	
285	95	284	
360	308	99	
295	294	98	
293	99	292	
254	131	171	
234	157	186	
233	187	156	
324	178	100	
326	101	179	
319	66	179	
318	178	19	
325	324	100	
350	197	109	
351	109	198	
319	179	149	
318	148	178	
306	285	148	
242	3	42	
229	211	122	
334	325	100	
367	112	168	
230	113	229	
286	147	201	
302	299	160	
249	112	227	
278	153	195	
395	169	270	
375	118	276	
376	275	119	
287	53	282	
286	207	81	
286	144	207	
279	172	117	
307	292	99	
307	166	292	
219	56	55	
218	29	28	
315	295	144	
332	170	94	
330	169	93	
300	171	131	
301	132	172	
277	113	173	
289	173	123	
254	235	91	
394	120	369	
397	121	368	
394	369	170	
397	368	169	
266	265	141	
268	139	267	
341	200	14	
327	189	139	
328	190	140	
225	194	114	
226	116	193	
275	177	119	
224	212	86	
224	127	212	
320	263	119	
317	157	208	
350	79	78	
351	7	6	
386	237	167	
261	92	260	
234	186	102	
233	103	187	
268	59	58	
266	27	26	
353	104	352	
390	176	148	
391	149	177	
405	162	362	
390	17	176	
391	177	68	
349	295	98	
405	362	133	
244	231	127	
326	261	101	
228	204	90	
383	185	105	
244	127	220	
325	135	324	
306	148	176	
257	90	231	
302	121	299	
261	260	161	
357	99	293	
248	128	191	
227	112	202	
281	202	111	
249	188	112	
249	89	188	
259	249	125	
373	344	203	
266	116	265	
268	267	114	
373	88	344	
227	202	80	
346	187	103	
347	216	33	
256	13	12	
353	352	155	
346	103	192	
224	128	220	
224	220	127	
377	112	188	
333	163	284	
231	204	127	
242	110	209	
228	122	209	
400	235	254	
260	206	120	
260	92	206	
329	266	141	
327	139	268	
341	14	13	
372	269	158	
387	243	94	
265	226	93	
267	92	225	
333	147	286	
251	75	74	
250	11	10	
368	107	270	
368	270	169	
369	271	170	
369	108	271	
253	154	196	
229	113	211	
387	283	243	
334	145	325	
321	133	210	
332	308	146	
347	33	32	
342	139	189	
343	140	190	
342	189	108	
343	190	107	
409	185	85	
253	208	96	
366	213	109	
288	105	185	
396	158	269	
333	284	147	
340	181	130	
340	106	181	
299	207	160	
298	255	126	
383	111	185	
317	184	84	
405	230	97	
241	213	85	
241	130	213	
312	114	194	
311	193	116	
354	104	353	
305	193	22	
304	63	194	
295	124	294	
293	292	123	
361	88	353	
223	65	64	
222	21	20	
278	195	90	
361	353	155	
232	46	45	
323	153	278	
276	17	16	
275	69	68	
326	136	261	
384	297	164	
299	81	207	
291	197	77	
290	8	198	
246	38	37	
247	48	47	
304	194	136	
305	135	193	
277	211	113	
330	325	145	
330	93	325	
335	161	260	
285	284	163	
296	40	39	
392	83	187	
303	125	274	
370	186	84	
291	129	197	
337	101	336	
374	102	186	
385	156	191	
327	268	58	
329	27	266	
384	41	297	
409	272	129	
409	129	288	
308	132	307	
316	122	195	
316	229	122	
378	116	266	
379	268	114	
364	195	153	
408	191	147	
410	192	89	
257	231	126	
382	71	199	
335	260	120	
324	222	178	
326	179	223	
306	262	95	
300	37	36	
301	49	48	
314	313	82	
248	220	128	
244	126	231	
337	336	154	
244	220	83	
313	196	82	
264	210	134	
344	137	203	
366	272	213	
248	83	220	
236	140	235	
236	235	115	
354	353	152	
406	198	109	
280	216	115	
279	117	215	
289	45	44	
348	302	160	
281	80	202	
341	13	256	
297	41	40	
298	151	255	
286	201	144	
366	197	129	
379	114	214	
378	217	116	
273	86	212	
321	210	87	
395	265	93	
366	109	197	
379	214	60	
378	25	217	
345	281	111	
406	290	198	
406	130	290	
407	212	110	
382	199	137	
302	91	205	
302	205	121	
272	85	213	
259	89	249	
296	165	294	
398	262	306	
328	140	236	
313	143	264	
358	92	267	
386	251	158	
373	353	88	
398	176	276	
398	276	118	
373	152	353	
341	138	200	
315	144	201	
321	230	133	
347	115	216	
349	144	295	
369	120	206	
368	121	205	
287	283	142	
405	133	230	
381	199	71	
380	14	200	
389	224	86	
296	294	124	
381	175	199	
380	200	174	
377	339	106	
377	188	339	
370	355	354	
299	239	81	
307	132	247	
307	247	166	
312	214	114	
311	116	217	
282	215	117	
297	40	296	
305	21	222	
305	222	135	
304	136	223	
304	223	64	
303	274	150	
402	352	104	
298	126	244	
379	60	59	
378	26	25	
370	354	152	
292	232	123	
292	166	232	
265	116	226	
267	225	114	
348	91	302	
274	125	227	
289	232	45	
358	206	92	
342	108	206	
343	107	205	
303	255	125	
314	143	313	
278	90	257	
278	257	150	
329	141	218	
329	218	28	
269	73	72	
274	227	80	
335	240	82	
357	293	143	
297	296	124	
389	201	128	
259	255	151	
349	207	144	
367	202	112	
402	183	352	
300	246	37	
301	48	247	
399	388	183	
367	168	221	
373	203	152	
374	203	102	
374	152	203	
365	205	91	
381	70	376	
380	375	15	
368	205	107	
369	206	108	
393	160	207	
382	72	71	
339	245	159	
406	109	213	
356	258	98	
391	68	67	
390	18	17	
347	236	115	
291	77	76	
290	9	8	
374	186	370	
381	376	175	
380	174	375	
360	146	308	
289	123	232	
348	131	254	
322	293	123	
259	125	255	
305	22	21	
304	64	63	
348	258	131	
399	80	388	
403	164	297	
379	59	268	
378	266	26	
407	273	212	
338	124	295	
310	81	239	
310	239	145	
331	132	308	
400	280	115	
400	171	280	
334	163	310	
334	310	145	
283	117	243	
300	131	246	
301	247	132	
374	370	152	
323	278	150	
363	55	54	
389	86	315	
359	143	293	
299	121	239	
364	153	252	
335	82	309	
406	213	130	
372	73	269	
298	244	83	
397	239	121	
394	240	120	
363	142	219	
303	126	255	
407	110	242	
324	135	222	
326	223	136	
336	161	309	
336	309	154	
303	257	126	
316	97	229	
363	219	55	
396	237	158	
348	160	258	
318	19	18	
319	67	66	
333	286	81	
327	58	57	
328	31	30	
329	28	27	
400	115	235	
391	319	149	
390	148	318	
303	150	257	
322	238	87	
345	155	281	
402	323	183	
402	153	323	
359	293	322	
376	70	69	
375	16	15	
359	322	87	
404	364	252	
340	130	241	
365	235	140	
335	120	240	
331	94	243	
360	314	146	
397	145	239	
382	137	269	
344	88	237	
407	242	164	
394	146	240	
363	54	287	
359	264	143	
333	310	163	
357	143	314	
371	250	159	
371	11	250	
372	251	74	
372	158	251	
356	246	131	
356	165	246	
405	404	162	
389	128	224	
341	256	138	
403	297	124	
320	96	263	
365	91	235	
371	12	11	
372	74	73	
383	167	345	
383	345	111	
366	129	272	
338	86	273	
380	15	14	
381	71	70	
384	164	242	
384	242	42	
364	316	195	
401	252	104	
401	162	252	
348	254	91	
410	151	346	
410	346	192	
384	42	41	
371	159	256	
371	256	12	
335	309	161	
396	344	237	
386	158	237	
402	104	252	
358	267	139	
356	131	258	
399	150	274	
408	147	284	
388	281	155	
395	141	265	
395	270	141	
393	258	160	
393	98	258	
410	89	259	
387	271	142	
333	81	310	
396	269	137	
385	262	156	
363	287	142	
410	259	151	
387	142	283	
361	345	167	
397	330	145	
399	183	323	
394	332	146	
382	269	72	
375	276	16	
376	69	275	
392	151	298	
370	84	355	
385	95	262	
402	252	153	
400	254	171	
399	323	150	
404	252	162	
409	85	272	
365	140	343	
404	97	364	
358	342	206	
388	155	352	
388	80	281	
392	298	83	
398	118	262	
403	273	164	
358	139	342	
364	97	316	
360	357	314	
399	274	80	
389	315	201	
362	162	355	
362	355	84	
407	164	273	
392	346	151	
361	155	345	
365	343	205	
360	99	357	
393	207	349	
398	306	176	
408	284	95	
401	104	354	
409	288	185	
405	97	404	
390	318	18	
391	67	319	
397	169	330	
394	170	332	
403	338	273	
388	352	183	
401	354	355	
392	187	346	
396	137	344	
401	355	162	
393	349	98	
403	124	338	
408	95	385	
408	385	191	
0	79	6	
25	1	24	
34	2	33	
52	4	51	
5	60	61	
180	6	79	
217	25	24	
216	34	33	
215	52	51	
214	61	60	
187	83	156	
248	156	83	
245	89	192	
261	225	92	
325	93	226	
337	253	96	
337	96	320	
178	148	100	
285	100	148	
179	101	149	
337	149	101	
203	199	102	
192	103	138	
200	138	103	
191	128	147	
201	147	128	
208	134	184	
325	226	135	
261	136	225	
203	137	199	
245	192	138	
337	320	149	
337	154	253	
